100 333296.47 7462700 -734
101 334280.16 7462693 -693
102 336231.56 7462741 -724
103 337260.28 7462884 -769
104 338147.06 7463043 -645
105 339161.56 7463106.5 -627
106 340156.34 7463014.5 -605
107 341166.63 7462896 -611
108 342196.81 7462805.5 -641
109 343137.47 7462795.5 -612
110 344193.63 7462868 -563
111 345183.97 7462939 -484
112 346114.84 7463115 -458
113 347005.84 7463022.5 -473
114 348175.5 7463456 -357
115 349229.88 7462922 -380
116 349188.59 7463419.5 -359
117 350179.84 7463307 -297
118 351155.97 7463078 -257
119 352172.28 7462874.5 -234
120 353213.94 7462888 -210
121 354253.56 7462967 -182
122 355351.47 7463040 -173
123 356361.44 7463057 -142
124 357368.41 7463114 -135
125 358388.75 7463108.5 -129
126 359376.88 7463152.5 -124
127 360458.78 7463186.5 -119
128 361399.56 7463167.5 -114
129 362214.66 7463178.5 -106
130 362606.03 7462941 -102
131 362558.59 7462344 -100
132 362030.88 7462222 -107
133 360870.16 7462215 -115
134 360005.84 7462193.5 -121
135 358964.06 7462189 -125
136 357951.19 7462098.5 -130
137 356971.53 7462087 -135
138 355938.31 7462110.5 -143
139 354910.47 7462106 -178
140 353921.56 7462128.5 -185
141 352888.53 7462138 -213
142 351793.94 7462105 -241
143 350849.06 7462042 -262
144 349826.22 7462151.5 -302
145 349584.03 7461754 -302
146 348546 7461863.5 -354
147 347544.91 7461955.5 -365
148 346498.72 7462006 -328
149 345126.97 7462074 -512
150 344504.5 7462046 -525
151 343497.25 7462013.5 -581
152 342002.63 7461874 -571
153 340897.59 7461868 -559
154 339921.91 7461844.5 -564
155 338849.94 7461715 -576
156 337808.03 7461726 -616
157 336791.88 7461696 -661
158 335843.38 7461729 -692
159 334699.31 7461812.5 -653
160 334737.28 7461812.5 -694
161 333772.59 7461821.5 -712
162 332860.66 7462083 -712
163 332882.47 7460865.5 -646
164 333403.91 7460875 -643
165 334414.34 7460851 -630
166 335361.72 7460807.5 -656
167 336395.75 7460822.5 -634
168 337318.88 7460797 -596
169 338388.88 7460767 -554
170 339387.59 7460771.5 -553
171 340388.13 7460836 -544
172 341418.34 7460853.5 -532
173 342346.44 7460942 -556
174 343397.69 7461000.5 -535
175 344352.59 7460965 -507
176 345370.44 7460955 -467
177 345807.25 7461490 -393
178 346510.34 7461118 -364
179 347451.69 7461159.5 -370
180 348524.84 7461075.5 -328
181 349187.5 7460807.5 -291
182 349999.25 7461212 -272
183 350952.41 7461106 -247
184 352199.78 7461173.5 -217
185 353156.5 7461196.5 -186
186 354267.47 7461235 -177
187 355167.28 7461253 -142
188 356295.44 7461230 -135
189 357266.25 7461349.5 -130
190 358448.44 7461252 -125
191 359301.5 7461263.5 -120
192 360552.47 7461237 -115
193 361539.22 7461291.5 -107
194 362261.53 7461225 -98
195 362897.94 7461253 -87
196 363152.88 7460885 -85
197 362910.59 7460387 -85
198 362039.53 7460398.5 -98
199 361021.09 7460349.5 -109
200 360014.84 7460338.5 -118
201 359007.84 7460285.5 -123
202 358057.59 7460249 -128
203 357020.06 7460208.5 -132
204 355936.78 7460184.5 -136
205 354970.5 7460220.5 -142
206 354037.59 7460216.5 -171
207 353032.31 7460232.5 -175
208 352091.5 7460149 -203
209 350931.28 7460098.5 -231
210 350067.53 7460027 -260
211 349037.06 7460139.5 -291
212 347915.16 7460169 -345
213 347104.47 7460108 -358
214 345972.97 7460091.5 -406
215 345191 7459845.5 -419
216 344143.19 7459819.5 -444
217 342058.06 7459947.5 -480
218 341073.47 7459925 -473
219 340015.75 7459987 -510
220 339045.22 7459953.5 -523
221 338015.44 7459901.5 -550
222 336975.19 7459876.5 -600
223 335882.78 7459873 -626
224 334891.28 7459902 -638
225 333842.41 7459856 -594
226 333359.94 7459871.5 -546
227 333039.5 7458477.5 -476
228 334019.88 7458426.5 -470
229 334733.81 7458427 -586
230 335860.72 7458403.5 -586
231 336825.94 7458458 -566
232 337876.59 7458458.5 -557
233 338795.75 7458555 -500
234 339804.22 7458699 -448
235 340755.25 7458776.5 -403
236 341802.66 7458731 -387
237 342779.44 7458771 -372
238 343880.94 7458646.5 -328
239 345051.53 7458999.5 -301
240 346145.47 7458763 -373
241 347046.09 7459468.5 -360
242 348426.34 7459430.5 -298
243 350342.09 7459280.5 -230
244 352072.84 7459576.5 -180
245 354003.63 7459441 -156
246 356527.91 7459319.5 -129
247 357324.13 7459104.5 -125
248 358318.38 7459057.5 -122
249 359359.09 7459152 -117
250 360470.78 7459128.5 -110
251 361503.44 7459153.5 -99
252 362390.22 7459205 -75
253 363041.34 7458947 -72
254 363301.91 7459723 -47
255 364767.31 7461062 -24
256 365255.38 7461109.5 -13
257 365315.91 7460589 -12
258 364770.88 7460107.5 -14
259 364689.41 7460363.5 -23
260 364222.44 7460244 -31
261 364296.22 7459995.5 -30
262 364338.56 7459731.5 -25
263 363911.94 7459300.5 -28
264 363863.72 7458766.5 -27
265 362939.91 7458528 -73
266 362533.16 7458346 -82
267 362001.03 7458386.5 -90
268 360496.91 7458301 -103
269 359697.84 7457894 -109
270 358329.44 7458218.5 -121
271 357392.31 7458253 -125
272 355566.66 7458709.5 -131
273 354511 7458485.5 -136
274 353597.75 7458209.5 -138
275 352363.22 7458779 -176
276 351091.06 7458990 -181
277 349225.25 7458769 -248
278 347571.22 7458947 -312
279 346951.5 7458466 -264
280 345688.41 7458119 -326
281 344560.31 7457920 -256
282 343490.28 7457737 -227
283 342467.44 7457845.5 -284
284 341507.84 7457745 -335
285 340355.41 7457786 -431
286 339364 7457916.5 -429
287 338300.28 7457841.5 -515
288 337325.69 7457829.5 -563
289 336311 7457784 -548
290 335242.19 7457712.5 -560
291 334172.97 7457674.5 -395
292 333266.72 7457665.5 -437
293 332954.88 7456402.5 -447
294 333600.47 7456402 -400
295 334260.19 7456277.5 -372
296 334861.38 7456285 -373
297 335557.5 7456294 -418
298 336259.19 7456368.5 -433
299 336998.09 7456507.5 -431
300 337873.59 7456548 -385
301 338885.84 7456478 -366
302 339905.09 7456566 -372
303 340799.53 7456613.5 -361
304 341748.56 7456751 -245
305 342716.5 7456899 -180
306 343887.75 7457195.5 -169
307 344882.06 7456818.5 -141
308 345666.13 7457102.5 -237
309 346797.44 7457458 -193
310 347746.03 7457743 -265
311 348438.28 7458409 -262
312 349287.72 7457755.5 -210
313 350395.03 7458216 -196
314 351872.81 7458062.5 -178
315 354469.03 7457529.5 -132
316 355614.19 7457674.5 -128
317 356476.88 7457838.5 -126
318 358579.94 7457473 -117
319 360449.94 7457446.5 -99
320 361915.09 7457724 -75
321 362802.16 7457968 -44
322 363401.28 7457718.5 -21
323 363805.38 7457587 -4
324 362554.38 7457290 -37
325 361872.53 7457250.5 -70
326 359694.44 7456885.5 -105
327 356512.97 7456807 -124
328 356497.81 7456372 -123
329 355630.44 7456719 -126
330 354392.78 7457013.5 -131
331 353595.13 7457242.5 -134
332 353582.53 7456694.5 -132
333 352302.53 7457254.5 -140
334 351340.78 7457337.5 -161
335 350421.75 7457231 -188
336 349257.13 7456690.5 -188
337 348438.31 7457322.5 -208
338 347512.78 7456689.5 -203
339 346646.59 7456500 -163
340 345777.72 7456109 -158
341 345020.81 7455995.5 -103
342 343901.44 7455808.5 -110
343 342972.53 7455788 -139
344 342323.88 7455834 -182
345 341519.78 7455855.5 -260
346 340778.31 7455828 -298
347 340076.09 7455800 -251
348 339251.03 7455776 -253
349 338643.38 7455780 -266
350 338004.66 7455731.5 -289
351 337293.69 7455694.5 -309
352 336601.78 7455649.5 -380
353 335893.91 7455672.5 -361
354 335167.13 7455578.5 -363
355 334448.56 7455541 -370
356 333869.03 7455519.5 -386
357 333049.5 7455564 -442
358 333174 7454551 -404
359 334209.06 7454695.5 -365
360 334955.72 7454603.5 -371
361 335962.22 7454591 -270
362 337084.19 7454664 -240
363 337972.94 7454547 -196
364 338881.84 7454872 -164
365 339917.09 7454348 -154
366 340439.06 7454311 -154
367 341009.47 7454029.5 -146
368 341615.13 7454412.5 -207
369 342198.94 7454826.5 -175
370 342771.47 7454686 -129
371 343315.44 7455258.5 -125
372 343632.69 7454868 -99
373 344139.81 7455126 -97
374 344882.72 7454813.5 -83
375 345413.41 7454680.5 -83
376 345711.59 7455054 -94
377 346705.13 7455608.5 -123
378 347469.22 7455759.5 -175
379 348387.75 7456342 -168
380 349283.59 7455726 -154
381 350472.25 7456157.5 -156
382 353163.13 7455647.5 -129
383 354442.03 7456049 -127
384 355671.88 7455229.5 -121
385 356491.78 7455371.5 -120
386 357800.84 7456116.5 -117
387 358583.28 7456430 -113
388 359660.53 7455888.5 -99
389 360529.72 7456360 -95
390 361372.34 7455855.5 -70
391 361819.34 7456276.5 -58
392 362838.47 7456486 -36
393 363414.81 7456345.5 -8
394 363051.72 7455568.5 -9
395 362450.69 7455655 -33
396 361477.19 7455335.5 -55
397 361108.72 7455452.5 -69
398 360531.34 7455354.5 -87
399 359611.19 7454911.5 -93
400 358586.38 7455515.5 -109
401 357682.53 7455081.5 -113
402 357593.28 7454488.5 -111
403 356546.25 7454394 -117
404 355682.47 7454756 -119
405 354458.28 7455090.5 -126
406 353598.22 7454703.5 -125
407 350413.47 7455232 -136
408 349405.34 7454731 -133
409 348335.63 7455387 -134
410 347425.47 7454736.5 -133
411 346388.59 7454747.5 -92
412 344953.09 7454423.5 -64
413 344218.56 7454344 -54
414 343857.41 7454594.5 -49
415 343789.53 7454227 -43
416 343401.81 7454043 -73
417 342987.59 7454065 -108
418 342116.47 7454083 -151
419 339370.09 7454035.5 -145
420 338326.09 7454008 -154
421 337422.69 7453970.5 -195
422 336308.88 7453959 -223
423 335106.56 7453936 -327
424 334129.56 7453916 -360
425 333659.97 7453261.5 -421
426 334583.97 7453161.5 -334
427 335518.28 7453153 -266
428 336437 7453068.5 -183
429 337486.22 7453084.5 -143
430 338481.34 7453071 -130
431 339481.13 7453093 -115
432 340430.91 7453061.5 -119
433 341409.47 7453055 -113
434 342376.63 7453053 -100
435 343016.75 7453087.5 -72
436 343511.16 7453243 -63
437 343428.47 7453494 -47
438 343599.09 7453841 -41
439 343957.66 7454138.5 -24
440 345913.47 7454027.5 -68
441 346510.5 7453956.5 -70
442 347324.47 7453740.5 -124
443 348406.59 7454298 -128
444 350392.97 7454168 -130
445 352472.28 7454104 -124
446 353549.56 7454210.5 -123
447 354470.03 7454084.5 -124
448 355676.03 7453684.5 -115
449 356479.5 7453387.5 -112
450 358635.72 7454542 -101
451 361379.75 7454680.5 -53
452 362227.13 7454637.5 -29
453 362763.44 7455106.5 -13
454 362642.59 7454508 -8
455 362278.72 7453799 -6
456 361926.91 7454005 -24
457 361099.88 7454041 -49
458 360604.81 7454376 -78
459 359602.81 7453894 -85
460 358624.41 7453559 -94
461 357476.84 7453077.5 -101
462 354432.31 7453198 -120
463 353507.13 7453182.5 -120
464 351957.72 7453290.5 -124
465 351388.34 7453701.5 -126
466 349478.78 7453646 -128
467 348388.88 7453323 -122
468 347518.44 7452739.5 -118
469 346770.25 7452961 -60
470 346327.69 7453460 -54
471 345528.69 7453481.5 -29
472 345935.75 7452986 -15
473 346237.31 7452962 -31
474 346311.47 7452681 -14
475 347111.88 7452216 -71
476 348350.56 7452376 -111
477 349461.38 7452646.5 -123
478 350378.59 7453231.5 -127
479 351480.59 7452740 -121
480 352517.84 7452586.5 -119
481 354427.13 7452125 -114
482 356522.09 7452451.5 -103
483 357429.81 7452119 -92
484 358652.94 7452526 -84
485 359551.69 7452961 -74
486 360785.63 7453527.5 -48
487 361201.94 7453323 -32
488 361647.75 7453197.5 -16
489 361930.28 7453499.5 -9
490 361920.47 7453149 -6
491 361532.84 7452629.5 -15
492 360566.97 7452956.5 -47
493 360291.41 7452489.5 -47
494 360083.66 7451853 -47
495 359529.56 7451930.5 -59
496 358337.59 7451672.5 -76
497 357328 7451082 -80
498 356493.38 7451443 -93
499 355555.09 7451685 -99
500 354398.94 7451179.5 -104
501 353443.44 7451701.5 -110
502 352472.44 7452033.5 -115
503 351428.31 7452230 -118
504 350363.5 7452248.5 -120
505 349517 7451676.5 -112
506 348363.84 7451348 -95
507 347543.09 7451170.5 -92
508 346517.81 7452032 -7
509 346649.31 7451612 -6
510 346836.88 7451161.5 -6
511 346795.47 7450911 -41
512 347215.97 7450785 -69
513 347632.25 7450583.5 -85
514 348341.53 7450873.5 -88
515 349804.94 7450976.5 -105
516 350360.09 7451240 -110
517 351258.38 7451391.5 -111
518 351848.91 7451336 -110
519 352459.66 7451067 -105
520 353394.06 7450727.5 -98
521 353923.22 7450508.5 -96
522 354397.16 7450681.5 -97
523 355459.25 7450677.5 -88
524 356542.13 7450414 -79
525 357289.34 7450057.5 -65
526 357852.84 7450801 -69
527 358570.88 7450776 -56
528 359313.06 7451176.5 -48
529 360103.91 7451419.5 -25
530 361268.75 7452156 -6
531 361037.59 7451789 -7
532 360731.56 7451437 -7
533 360343.69 7451158 -12
534 359868 7450699.5 -13
535 360003.28 7450605.5 -7
536 359432.66 7450148 -15
537 358813.34 7450067.5 -24
538 358185.66 7450160.5 -49
539 357816.56 7449787.5 -49
540 357463.72 7449434 -48
541 356633.06 7449457.5 -63
542 355415.34 7449670 -74
543 354399.06 7449652.5 -84
544 353893.41 7450024.5 -90
545 353376.94 7449699.5 -84
546 352404.06 7450085.5 -93
547 351490.88 7450777 -102
548 350798.72 7450644.5 -102
549 349856.41 7450471.5 -99
550 349407.81 7450189 -91
551 348715.91 7450036.5 -91
552 348257.34 7450388 -81
553 347449.25 7450211.5 -67
554 347021.78 7450177 -60
555 346655.97 7449850.5 -36
556 346590.41 7449394.5 -34
557 347052.06 7449644.5 -57
558 347719.75 7449919 -76
559 348164.88 7449526.5 -66
560 348816.91 7449624 -86
561 349432.72 7449682.5 -84
562 350349.03 7449696.5 -90
563 350785.41 7450268.5 -96
564 351456.81 7450225 -96
565 351156.75 7449362.5 -73
566 350306.09 7449253.5 -82
567 349476.16 7449106.5 -77
568 348765.06 7449079.5 -80
569 348387.28 7448801.5 -63
570 347728.16 7449200.5 -68
571 347401.31 7449331 -57
572 347046.19 7449171 -52
573 346640.63 7448888 -38
574 346687.91 7448418.5 -38
575 346987.66 7448657.5 -47
576 347477.06 7448806.5 -53
577 348721.81 7448554.5 -73
578 349275.81 7448486 -60
579 349844.5 7448459.5 -71
580 350682.13 7448706.5 -75
581 351437.84 7449033 -80
582 352031.47 7449363.5 -85
583 352061.66 7448839 -78
584 352841.41 7449056.5 -80
585 353848.06 7449032.5 -76
586 354419.94 7449164 -77
587 355410.56 7448669 -59
588 356745.53 7448715 -43
589 357791.78 7448984 -26
590 358169.41 7449167 -18
591 359078.78 7449775.5 -11
592 358601.06 7449060.5 -4
593 358200.16 7448701.5 -6
594 357874.19 7448648.5 -15
595 357288.03 7448438.5 -24
596 356368.09 7448298.5 -41
597 355422.16 7448111 -48
598 354478.78 7448138 -62
599 353754.06 7448518.5 -71
600 353360.22 7448641 -71
601 352847.06 7448572.5 -73
602 352024.34 7448347.5 -72
603 351246.91 7448365 -63
604 350684.5 7448179.5 -68
605 349976.38 7447790.5 -55
606 349213.5 7447860.5 -55
607 348720.03 7448056.5 -67
608 348034.94 7448187.5 -53
609 347462.78 7448296 -49
610 346958.91 7448082.5 -40
611 347274.94 7447797 -41
612 347180.19 7447347.5 -22
613 347515.25 7447381.5 -38
614 348068.41 7447382 -44
615 348681.84 7447643.5 -61
616 350663.94 7447663.5 -62
617 351278 7447869.5 -58
618 351975.84 7447841.5 -65
619 352819.19 7448033.5 -66
620 353344.78 7448118.5 -63
621 353719.97 7447969.5 -63
622 354454.03 7447656.5 -53
623 354763.03 7447427.5 -42
624 355511.91 7447689.5 -37
625 355950.63 7447952.5 -39
626 356770.66 7447972.5 -18
627 357351.41 7448213 -17
628 357571.5 7448228.5 -9
629 356921.06 7447559 -7
630 356586 7447418.5 -8
631 356421.31 7447644.5 -14
632 356166.44 7447466 -8
633 355750.72 7447510 -19
634 354187.78 7446934 -35
635 353729.44 7447483 -56
636 352807 7447559 -59
637 351962.75 7447336 -58
638 351493.97 7447263 -50
639 351217.69 7447398.5 -52
640 350219.75 7447327.5 -56
641 349360.44 7447200.5 -54
642 349033.97 7447406.5 -50
643 348466.91 7447077.5 -51
644 348039.94 7446894.5 -37
645 347640 7446994.5 -34
646 347259.38 7447069.5 -34
647 347696.97 7446995 -37
648 348014.69 7446888 -51
649 348470.88 7447063.5 -50
650 349041.31 7447428.5 -54
651 349358.81 7447233 -56
652 350243.97 7447315 -52
653 351246.78 7447400 -50
654 351525.84 7447243.5 -58
655 351963.06 7447310.5 -59
656 352821.09 7447546 -56
657 353678.66 7447497 -35
658 354187.66 7446944.5 -19
659 355743.25 7447499.5 -8
660 356127.22 7447463.5 -14
661 356399.72 7447652 -8
662 356550.94 7447386 -7
663 356931.19 7447560.5 -9
664 347798.63 7446528.5 -21
665 348361.41 7446683 -33
666 348683.19 7446662 -38
667 348891.81 7447007 -44
668 349498.63 7446642 -40
669 349728.63 7446892.5 -43
670 349949.88 7446700 -42
671 350382.16 7446862.5 -51
672 350672.22 7447064.5 -48
673 351186.63 7447023.5 -48
674 351580.53 7446896.5 -50
675 352015.22 7446854 -50
676 353223.81 7447096.5 -47
677 353691.06 7446977.5 -45
678 354839.09 7446768.5 -18
679 355453.94 7446800 -8
680 355804.94 7446987 -7
681 356223.47 7447134 -3
682 355576.84 7446681.5 -3
683 355137.66 7446461 -3
684 354921.94 7446504.5 -8
685 353927.97 7446527 -23
686 353425.19 7446656.5 -35
687 352290.91 7446552.5 -39
688 351512.97 7446395.5 -37
689 351169.44 7446654 -43
690 350710.56 7446491 -40
691 350282.59 7446500.5 -39
692 349883.38 7446322 -38
693 349701.59 7446171 -34
694 349053.97 7446238 -33
695 348629.84 7446134.5 -28
696 347967.84 7446132 -7
697 348238.75 7445912.5 -16
698 348783.97 7445944 -22
699 349436.56 7445996.5 -27
700 350191.25 7445976.5 -28
701 350355.94 7446181 -34
702 350857.16 7445970 -28
703 351027.06 7446162 -32
704 351501.09 7446004 -24
705 352008.72 7446111 -27
706 352524.72 7446043.5 -21
707 353035.19 7446341.5 -26
708 353381.06 7446207 -18
709 353762.91 7446137.5 -9
710 354391.16 7446213 -8
711 354660.75 7446214.5 -3
712 353716.28 7445793.5 -3
713 353420.28 7445884 -7
714 353162.81 7445925 -10
715 353237.03 7445642 -2
716 352756.19 7445733 -7
717 352480.53 7445817 -10
718 352752.13 7445539 -3
719 352191.38 7445428 -3
720 351889.72 7445678 -8
721 351833.16 7445318.5 -3
722 351607.69 7445440.5 -5
723 351185.84 7445683 -10
724 351120.06 7445245 -3
725 350975.88 7445451 -5
726 350516.78 7445633 -14
727 350558.97 7445165 -5
728 350339.88 7445389.5 -9
729 349793.56 7445126 -4
730 349439.06 7445133 -4
731 348818.41 7445165.5 -3
732 348535.16 7445247 -3
733 348218.94 7445334 -2
734 348167.75 7445598 -5
735 348516.72 7445524 -6
736 349040.19 7445574.5 -8
737 333327.88 7452540 -525
738 334198.59 7452232 -365
739 335225.13 7452239 -222
740 336268.03 7452254 -166
741 337165.03 7452189.5 -140
742 338309.19 7452204 -115
743 339347.34 7452193 -93
744 340327.34 7452173 -92
745 341330.19 7452150 -80
746 342070.84 7452137.5 -63
747 343334.59 7452645 -27
748 344015.06 7452911 -18
749 343910.09 7452360 -25
750 343561.41 7452192.5 -19
751 342596.28 7451697 -36
752 341865.81 7451701.5 -55
753 341440.06 7451305.5 -53
754 340918.88 7451057.5 -51
755 340413.56 7450753 -60
756 339474.75 7450822 -91
757 338609.38 7450890.5 -104
758 337592.13 7450955 -116
759 336557.78 7450966 -124
760 335479.59 7451047.5 -151
761 334715.44 7451226.5 -184
762 333659.31 7451369.5 -393
763 333857.72 7450206.5 -197
764 334954.69 7450143.5 -160
765 335913.06 7450133.5 -127
766 336982.63 7450142 -109
767 337996.66 7450136.5 -101
768 339038.56 7450125.5 -93
769 339984.53 7450096.5 -78
770 341158.88 7450561 -48
771 343229.16 7451486 -16
772 343796.47 7451468.5 -15
773 333171.25 7449154.5 -372
774 333615.69 7449143 -232
775 334567.22 7449179 -157
776 335695.59 7449135.5 -128
777 336623.5 7449134.5 -97
778 337673.97 7449152 -79
779 338403.16 7449147 -85
780 339117.53 7449111 -82
781 339487.94 7449476.5 -82
782 339826.56 7448663.5 -55
783 338489.13 7448615 -53
784 337481.5 7448505.5 -63
785 338395.25 7447982 -48
786 337856.28 7447523.5 -45
787 337433.88 7447599.5 -56
788 336648.47 7447647.5 -100
789 336154.56 7447666.5 -115
790 335061.44 7447725.5 -141
791 334124.41 7447750 -182
792 333018.97 7447778.5 -523
793 333878.34 7446491 -161
794 334982.97 7446424.5 -131
795 336410.84 7446426 -88
796 337011.91 7446444.5 -75
797 337136.47 7447160 -82
798 337856.94 7446925.5 -42
799 337625.41 7446592 -36
800 337777.88 7445892 -61
801 337042.69 7445869 -85
802 337562.03 7445406 -63
803 336882.13 7445310 -87
804 336144.13 7445417.5 -117
805 335161.09 7445481 -146
806 334205 7445402.5 -307
807 333182.31 7445499.5 -501
808 333127.31 7444466.5 -545
809 334146.75 7444429.5 -365
810 335153.88 7444472.5 -160
811 336031.34 7444454.5 -127
812 336769.81 7444415 -100
813 337544.22 7444547.5 -72
814 337477.5 7443109 -76
815 336830.91 7443301.5 -112
816 336326.63 7443341 -133
817 335368.72 7443312.5 -257
818 334317.53 7443357 -472
819 333276.03 7443329 -604
820 334267.91 7442404.5 -529
821 335054.31 7442377 -430
822 335797.22 7442391.5 -264
823 336543.69 7442317 -134
824 337261.31 7442326.5 -95
825 337433.69 7442742 -76
826 337904.00 7442303 -50
827 338898.00 7442270 -25
828 337629.00 7443306 -50
829 338339.00 7443306 -25
830 338619.00 7442788 -25
831 366178.13 7463965.5 0
832 366232.59 7463957 0
833 366128.34 7463882 0
834 366035.44 7463809.5 0
835 365984.63 7463705.5 0
836 366024.47 7463641.5 0
837 366118.94 7463553.5 0
838 366137.66 7463453.5 0
839 366157.78 7463334 0
840 366146.88 7463159.5 0
841 366175 7463002 0
842 366168.31 7462911 0
843 366174.63 7462782.5 0
844 366165.16 7462591.5 0
845 366161.31 7462468.5 0
846 366102.91 7462361.5 0
847 366057.25 7462119 0
848 366038.53 7461963.5 0
849 366021.16 7461675 0
850 365976.41 7461338.5 0
851 365922.69 7461013.5 0
852 365851.28 7460815.5 0
853 365825.88 7460699 0
854 365823.16 7460590 0
855 365809.06 7460479.5 0
856 365773.34 7460381.5 0
857 365789.66 7460269 0
858 365734.5 7460216 0
859 365697.69 7460101.5 0
860 365636.19 7460052.5 0
861 365582.75 7459956 0
862 365475.25 7459953 0
863 365430.03 7459922 0
864 365388.41 7459911.5 0
865 365304.81 7459921 0
866 365264.56 7459895.5 0
867 365184.13 7459843.5 0
868 365115.94 7459831.5 0
869 365071.78 7459818.5 0
870 365011.09 7459817 0
871 364890.97 7459811 0
872 364830.13 7459825 0
873 364790 7459787.5 0
874 364747.16 7459772 0
875 364676.72 7459730.5 0
876 364664.47 7459690.5 0
877 364611.78 7459646.5 0
878 364578.06 7459601.5 0
879 364557.03 7459554 0
880 364491.53 7459524 0
881 364459.03 7459485.5 0
882 364434.22 7459435.5 0
883 364426.22 7459350.5 0
884 364445.78 7459290.5 0
885 364466.66 7459225 0
886 364440.72 7459163.5 0
887 364401.63 7459150.5 0
888 364375.41 7459114.5 0
889 364373.97 7459005 0
890 364389.94 7458927 0
891 364366.66 7458848.5 0
892 364328.16 7458776.5 0
893 364312.28 7458719 0
894 364301.28 7458679 0
895 364235.69 7458660.5 0
896 364209.72 7458601.5 0
897 364213.94 7458559 0
898 364197.69 7458410.5 0
899 364132.75 7458197 0
900 364051.94 7457927 0
901 363956.44 7457608.5 0
902 363859.47 7457308 0
903 363722.91 7456919.5 0
904 363578.78 7456525 0
905 363472.59 7456136 0
906 363340.34 7455821 0
907 363299.53 7455725.5 0
908 363186.03 7455437.5 0
909 363076.09 7455169 0
910 362973.84 7455018.5 0
911 362713.06 7454398.5 0
912 362371.19 7453793.5 0
913 362023.13 7453172 0
914 361631.5 7452480 0
915 361366.38 7452045 0
916 361094.59 7451640.5 0
917 360834.31 7451352 0
918 360479.53 7450902 0
919 360218.81 7450528.5 0
920 359843.44 7450112.5 0
921 359613.22 7449857 0
922 359313.84 7449557.5 0
923 359166.13 7449401.5 0
924 359059.75 7449285.5 0
925 358846.72 7449082 0
926 358686.59 7448897.5 0
927 358580.41 7448762 0
928 358415.69 7448664 0
929 358345.5 7448596.5 0
930 358175.09 7448433 0
931 358015.94 7448279.5 0
932 357814 7448105 0
933 357598.16 7447930.5 0
934 357446.47 7447791.5 0
935 357233.41 7447590 0
936 357028.34 7447476 0
937 356875.97 7447404.5 0
938 356701.94 7447222.5 0
939 356504.56 7447098.5 0
940 356297.19 7446964 0
941 356156.75 7446836 0
942 355981.88 7446740 0
943 355848.5 7446667.5 0
944 355725.13 7446608 0
945 355656.5 7446511.5 0
946 355451.31 7446410 0
947 355125.16 7446259.5 0
948 354756.53 7446055 0
949 354435.16 7445935 0
950 354102.5 7445802.5 0
951 353860.34 7445732 0
952 353514.72 7445630 0
953 353280.22 7445551.5 0
954 352988.59 7445492 0
955 352746.13 7445448.5 0
956 352562.06 7445384.5 0
957 352356.16 7445358 0
958 352173.13 7445317 0
959 351967.28 7445281.5 0
960 351796.75 7445256 0
961 351542.78 7445227.5 0
962 351407.81 7445188.5 0
963 351360.97 7445190.5 0
964 351245.97 7445180 0
965 351024.84 7445154 0
966 350840.41 7445130 0
967 350720.5 7445101 0
968 350574.09 7445068.5 0
969 350379.59 7445036.5 0
970 350203.94 7445020 0
971 350036.88 7445027 0
972 349788.88 7445033 0
973 349568.56 7445052.5 0
974 349400.13 7445072 0
975 349220.09 7445113.5 0
976 349058.09 7445122.5 0
977 348868.22 7445136 0
978 348691.94 7445178.5 0
979 348567.75 7445201 0
980 348374.03 7445219 0
981 348269.13 7445210.5 0
982 348161.56 7445215.5 0
983 348066.22 7445259.5 0
984 348037.53 7445346.5 0
985 348017.78 7445427.5 0
986 348002.09 7445477.5 0
987 348013.19 7445634 0
988 348011.81 7445772.5 0
989 347991.66 7445893 0
990 347964.19 7445985 0
991 347898.69 7446083.5 0
992 347807.09 7446137 0
993 347781.19 7446198.5 0
994 347710.97 7446263.5 0
995 347624.06 7446351.5 0
996 347565.22 7446416.5 0
997 347474.34 7446523.5 0
998 347409.38 7446569.5 0
999 347347.09 7446600 0
1000 347341.38 7446668 0
1001 347268.44 7446751 0
1002 347159.91 7446853 0
1003 347095.41 7446978.5 0
1004 346996.47 7447133 0
1005 346892.34 7447303 0
1006 346834.97 7447346.5 0
1007 346825.59 7447400 0
1008 346764.94 7447520.5 0
1009 346669.25 7447603 0
1010 346590.03 7447683.5 0
1011 346545.59 7447827 0
1012 346476.53 7447903.5 0
1013 346391.53 7448056 0
1014 346365.19 7448161 0
1015 346392.41 7448222.5 0
1016 346381.53 7448298 0
1017 346351.38 7448407 0
1018 346327.66 7448503 0
1019 346314.78 7448652 0
1020 346367.34 7448711 0
1021 346350.09 7448793 0
1022 346339.25 7448865 0
1023 346337.03 7448962.5 0
1024 346342.47 7449052 0
1025 346316.44 7449126.5 0
1026 346328.59 7449302.5 0
1027 346300.72 7449434 0
1028 346299.63 7449547 0
1029 346336.72 7449630.5 0
1030 346388.94 7449723.5 0
1031 346444.81 7449831.5 0
1032 346469.81 7449988 0
1033 346506.66 7450101 0
1034 346521.72 7450241 0
1035 346514.94 7450287 0
1036 346528.06 7450367 0
1037 346502.97 7450472 0
1038 346511.25 7450532 0
1039 346505.72 7450578.5 0
1040 346531.78 7450630 0
1041 346533.47 7450715.5 0
1042 346546.31 7450823.5 0
1043 346537.59 7450937.5 0
1044 346578.78 7450993 0
1045 346630.03 7451056 0
1046 346676.25 7451114 0
1047 346712.31 7451178.5 0
1048 346687.59 7451245 0
1049 346653.91 7451327 0
1050 346580.28 7451353.5 0
1051 346545.88 7451379 0
1052 346464.56 7451414.5 0
1053 346431.44 7451438.5 0
1054 346383.66 7451536 0
1055 346368.06 7451578 0
1056 346357.38 7451637 0
1057 346345 7451734.5 0
1058 346322.78 7451806 0
1059 346295.56 7451874 0
1060 346260.84 7451930.5 0
1061 346254.03 7451979 0
1062 346249.56 7452048.5 0
1063 346261.56 7452115 0
1064 346304.5 7452247.5 0
1065 346272.94 7452370.5 0
1066 346207.84 7452430.5 0
1067 346183.16 7452494.5 0
1068 346156 7452553 0
1069 346107.69 7452578.5 0
1070 346024.88 7452638.5 0
1071 345962.28 7452701 0
1072 345886.94 7452772.5 0
1073 345820.44 7452845 0
1074 345824.72 7452922 0
1075 345816.41 7452997.5 0
1076 345790.44 7453064 0
1077 345753.22 7453116.5 0
1078 345703.63 7453143.5 0
1079 345670.31 7453186.5 0
1080 345610.59 7453212 0
1081 345565.31 7453187.5 0
1082 345480.63 7453180.5 0
1083 345436.5 7453166 0
1084 345409.03 7453127.5 0
1085 345360.75 7453149 0
1086 345298.81 7453146 0
1087 345241.69 7453164 0
1088 345203.28 7453212.5 0
1089 345143.81 7453212 0
1090 345101 7453194 0
1091 345049.25 7453182 0
1092 344987.13 7453194.5 0
1093 344901.88 7453246.5 0
1094 344831.72 7453302.5 0
1095 344743.47 7453272.5 0
1096 344670.59 7453222 0
1097 344646.97 7453182.5 0
1098 344617.16 7453127 0
1099 344592.38 7453074.5 0
1100 344577.66 7453026.5 0
1101 344562.91 7452983 0
1102 344577.31 7452934.5 0
1103 344566.41 7452885.5 0
1104 344587.06 7452844.5 0
1105 344627.94 7452805 0
1106 344578.03 7452735.5 0
1107 344540.41 7452700.5 0
1108 344504.47 7452625 0
1109 344527.69 7452581.5 0
1110 344534.5 7452532.5 0
1111 344542.66 7452473.5 0
1112 344517.78 7452432.5 0
1113 344444.91 7452379.5 0
1114 344460.56 7452333.5 0
1115 344461.22 7452268 0
1116 344446.94 7452175.5 0
1117 344460.16 7452118 0
1118 344453.06 7452069 0
1119 344480.25 7452005 0
1120 344452 7451920.5 0
1121 344425.91 7451871.5 0
1122 344393.56 7451816 0
1123 344369.94 7451776 0
1124 344336.19 7451733.5 0
1125 344298.5 7451709 0
1126 344264.72 7451670.5 0
1127 344283.19 7451593.5 0
1128 344297.5 7451552.5 0
1129 344262.84 7451476.5 0
1130 344236.81 7451421.5 0
1131 344203.34 7451352 0
1132 344150.91 7451282.5 0
1133 344119.84 7451224.5 0
1134 344073.91 7451138 0
1135 343996.34 7451049.5 0
1136 343936.16 7450997.5 0
1137 343860.78 7450944.5 0
1138 343817.84 7450938 0
1139 343741.09 7450895 0
1140 343712.5 7450842.5 0
1141 343651.81 7450839.5 0
1142 343551.91 7450836.5 0
1143 343483.63 7450833.5 0
1144 343435.63 7450827 0
1145 343377.5 7450821.5 0
1146 343326.94 7450816 0
1147 343285.5 7450787.5 0
1148 343240.16 7450766.5 0
1149 343185.75 7450766.5 0
1150 343132.63 7450767.5 0
1151 343080.66 7450776 0
1152 342985.66 7450789.5 0
1153 342944.03 7450778 0
1154 342906.22 7450763.5 0
1155 342840.56 7450750.5 0
1156 342795.19 7450733.5 0
1157 342730.91 7450710 0
1158 342673.03 7450680 0
1159 342625.16 7450660.5 0
1160 342579.78 7450642.5 0
1161 342523.28 7450598.5 0
1162 342485.56 7450575.5 0
1163 342442.75 7450556 0
1164 342405.13 7450523.5 0
1165 342367.34 7450505.5 0
1166 342326.63 7450531 0
1167 342245.53 7450543 0
1168 342177.13 7450555.5 0
1169 342125.63 7450517 0
1170 342071.31 7450510 0
1171 342001.75 7450507 0
1172 341964.06 7450481.5 0
1173 341946.75 7450441.5 0
1174 341901.75 7450386 0
1175 341870.53 7450345 0
1176 341840.47 7450316.5 0
1177 341807.84 7450288 0
1178 341754.72 7450286.5 0
1179 341696.88 7450254 0
1180 341715.03 7450206.5 0
1181 341707.88 7450165.5 0
1182 341662.44 7450154 0
1183 341607.19 7450112.5 0
1184 341577.16 7450080 0
1185 341496.41 7450058 0
1186 341456 7450049 0
1187 341437.66 7449987 0
1188 341416.66 7449935.5 0
1189 341408.22 7449893.5 0
1190 341444.38 7449819 0
1191 341389.5 7449739 0
1192 341345.66 7449696.5 0
1193 341309.97 7449723.5 0
1194 341255.94 7449686 0
1195 341224.56 7449660 0
1196 341232.81 7449594.5 0
1197 341250.97 7449548.5 0
1198 341281.97 7449486 0
1199 341339.09 7449463 0
1200 341333.41 7449400.5 0
1201 341305.91 7449367 0
1202 341269.44 7449346 0
1203 341222.75 7449331.5 0
1204 341150.78 7449319.5 0
1205 341110.69 7449279.5 0
1206 341067.72 7449275.5 0
1207 341018.41 7449273 0
1208 340967.94 7449259.5 0
1209 340943.03 7449220 0
1210 340929.53 7449177.5 0
1211 340899.69 7449127 0
1212 340840.44 7449105 0
1213 340798.5 7449124 0
1214 340738.97 7449134 0
1215 340686.97 7449146.5 0
1216 340689.13 7449055.5 0
1217 340660.53 7449005.5 0
1218 340626.84 7448959 0
1219 340590.63 7448910 0
1220 340615.13 7448865 0
1221 340672.34 7448833.5 0
1222 340723.31 7448798 0
1223 340713.63 7448753 0
1224 340760.75 7448721 0
1225 340818 7448688 0
1226 340769.28 7448626 0
1227 340696.06 7448611.5 0
1228 340664.75 7448580.5 0
1229 340628.56 7448528 0
1230 340577.84 7448542 0
1231 340521.47 7448486.5 0
1232 340547.06 7448454.5 0
1233 340596.81 7448413.5 0
1234 340639.03 7448366.5 0
1235 340647.06 7448323 0
1236 340590.94 7448239 0
1237 340553.41 7448199 0
1238 340543.66 7448159.5 0
1239 340529 7448108 0
1240 340544.75 7448050.5 0
1241 340575.78 7447981 0
1242 340558.47 7447942.5 0
1243 340546.25 7447900 0
1244 340563.06 7447862 0
1245 340563.47 7447821 0
1246 340543.75 7447767 0
1247 340490.78 7447751 0
1248 340426.25 7447753.5 0
1249 340386.03 7447727.5 0
1250 340341.63 7447740 0
1251 340297.31 7447745 0
1252 340240.06 7447775.5 0
1253 340194.63 7447767.5 0
1254 340157.41 7447693 0
1255 340110.84 7447668 0
1256 340086.06 7447615.5 0
1257 340054.94 7447565 0
1258 340012.44 7447513.5 0
1259 339995.16 7447471.5 0
1260 339980.44 7447422.5 0
1261 339949.44 7447359.5 0
1262 339892.81 7447328.5 0
1263 339842.59 7447292 0
1264 339853.31 7447229.5 0
1265 339845.06 7447170.5 0
1266 339837.97 7447119 0
1267 339793.22 7447039 0
1268 339746.97 7446985 0
1269 339727.13 7446945 0
1270 339671.31 7446957.5 0
1271 339594.13 7446961 0
1272 339533.22 7446980 0
1273 339456.13 7446973 0
1274 339419.94 7446923 0
1275 339370.78 7446906 0
1276 339331.66 7446895.5 0
1277 339288.47 7446912 0
1278 339257.34 7446863 0
1279 339218.5 7446824.5 0
1280 339184.69 7446789.5 0
1281 339139.34 7446770 0
1282 339071.44 7446730 0
1283 339034.06 7446673 0
1284 339002.78 7446638.5 0
1285 338958.69 7446619 0
1286 338910.34 7446647 0
1287 338863.41 7446659.5 0
1288 338808.69 7446693.5 0
1289 338757.94 7446706.5 0
1290 338714.91 7446711 0
1291 338661.59 7446727.5 0
1292 338612.19 7446735 0
1293 338562.78 7446743.5 0
1294 338502.16 7446734.5 0
1295 338475.22 7446771.5 0
1296 338436.44 7446727.5 0
1297 338399.25 7446650.5 0
1298 338411.06 7446605.5 0
1299 338440.66 7446555.5 0
1300 338405.78 7446500.5 0
1301 338385 7446428.5 0
1302 338408.56 7446347.5 0
1303 338436.88 7446299 0
1304 338436.03 7446257 0
1305 338434 7446207 0
1306 338475.66 7446214.5 0
1307 338509.41 7446254.5 0
1308 338562.59 7446251 0
1309 338624.38 7446270.5 0
1310 338694.94 7446299.5 0
1311 338751.5 7446337 0
1312 338803.28 7446345 0
1313 338841.41 7446327 0
1314 338884.69 7446300.5 0
1315 338918.16 7446241.5 0
1316 338908.47 7446196.5 0
1317 338894.16 7446109.5 0
1318 338915.16 7446033.5 0
1319 338951.22 7445967 0
1320 338891.16 7445900 0
1321 338906.72 7445862 0
1322 338898.53 7445796.5 0
1323 338890.47 7445714 0
1324 338926.47 7445655.5 0
1325 338955.94 7445618.5 0
1326 338970.63 7445539 0
1327 339016.31 7445526.5 0
1328 339063.28 7445508.5 0
1329 339065.25 7445436.5 0
1330 339011.34 7445389 0
1331 339004.28 7445334 0
1332 338957.63 7445320.5 0
1333 338913.31 7445324.5 0
1334 338890.94 7445284.5 0
1335 338821.28 7445291.5 0
1336 338765.53 7445300.5 0
1337 338712.44 7445296.5 0
1338 338672.13 7445282 0
1339 338628.03 7445263.5 0
1340 338608.22 7445220 0
1341 338589.66 7445177.5 0
1342 338584.31 7445079 0
1343 338554.72 7445001.5 0
1344 338534.94 7444955.5 0
1345 338483.34 7444925.5 0
1346 338511.59 7444886 0
1347 338503.22 7444834.5 0
1348 338504.97 7444787 0
1349 338463.19 7444789.5 0
1350 338421.47 7444789 0
1351 338375.16 7444737.5 0
1352 338359.38 7444669.5 0
1353 338361.09 7444626 0
1354 338328.69 7444577 0
1355 338292.41 7444536 0
1356 338301.72 7444488.5 0
1357 338271.66 7444458.5 0
1358 338242.91 7444425 0
1359 338217.97 7444388 0
1360 338200.75 7444339 0
1361 338205.03 7444290.5 0
1362 338229.66 7444230 0
1363 338262.84 7444199.5 0
1364 338315.28 7444141 0
1365 338377.44 7444124.5 0
1366 338450.69 7444137.5 0
1367 338488.84 7444116 0
1368 338501.03 7444033 0
1369 338514.19 7443983 0
1370 338512.13 7443936.5 0
1371 338527.69 7443898.5 0
1372 338578.69 7443857.5 0
1373 338542.31 7443826.5 0
1374 338506.16 7443772.5 0
1375 338514.41 7443706 0
1376 338507.56 7443630 0
1377 338468.88 7443577.5 0
1378 338464.25 7443531 0
1379 338480 7443474.5 0
1380 338515.97 7443419.5 0
1381 338579.59 7443380.5 0
1382 338645.63 7443356.5 0
1383 338637.22 7443310 0
1384 338681.91 7443270.5 0
1385 338723.91 7443244 0
1386 338755.94 7443203 0
1387 338785.66 7443140.5 0
1388 338817.53 7443115 0
1389 338881.94 7443124 0
1390 338953.75 7443154 0
1391 339039.75 7443158.5 0
1392 339106.63 7443174 0
1393 339145 7443129.5 0
1394 339173.19 7443096.5 0
1395 339216.34 7443081 0
1396 339262.34 7443035 0
1397 339254.22 7442961 0
1398 339244.66 7442903 0
1399 339246.5 7442845.5 0
1400 339238.22 7442787.5 0
1401 339246.28 7442739 0
1402 339286.34 7442654.5 0
1403 339344.56 7442652 0
1404 339386.5 7442630.5 0
1405 339426.09 7442592.5 0
1406 339473.38 7442544 0
1407 339526.97 7442496.5 0
1408 339540.06 7442452 0
1409 339573.34 7442412 0
1410 339727.78 7442147.5 0
1411 339767.59 7442086 0
1412 339804.81 7442032.5 0
1413 339824.28 7441982.5 0
1414 339860 7441952 0
1415 339901.09 7441890.5 0
1416 339955.59 7441751 0
1417 339990.59 7441666.5 0
1418 340029.06 7441615.5 0
1419 340039.72 7441562 0
1420 340011.28 7441493.5 0
1421 340005.94 7441395 0
1422 339976.81 7441270 0
1423 339940.38 7441116 0