E            333296.47         7462700   -734 
E            334280.16         7462693   -693 
E            336231.56         7462741   -724 
E            337260.28         7462884   -769 
E            338147.06         7463043   -645 
E            339161.56         7463106.5   -627 
E            340156.34         7463014.5   -605 
E            341166.63         7462896   -611 
E            342196.81         7462805.5   -641 
E            343137.47         7462795.5   -612 
E            344193.63         7462868   -563 
E            345183.97         7462939   -484 
E            346114.84         7463115   -458 
E            347005.84         7463022.5   -473 
E            348175.5         7463456   -357 
E            349229.88         7462922   -380 
E            349188.59         7463419.5   -359 
E            350179.84         7463307   -297 
E            351155.97         7463078   -257 
E            352172.28         7462874.5   -234 
E            353213.94         7462888   -210 
E            354253.56         7462967   -182 
E            355351.47         7463040   -173 
E            356361.44         7463057   -142 
E            357368.41         7463114   -135 
E            358388.75         7463108.5   -129 
E            359376.88         7463152.5   -124 
E            360458.78         7463186.5   -119 
E            361399.56         7463167.5   -114 
E            362214.66         7463178.5   -106 
E            362606.03         7462941   -102 
E            362558.59         7462344   -100 
E            362030.88         7462222   -107 
E            360870.16         7462215   -115 
E            360005.84         7462193.5   -121 
E            358964.06         7462189   -125 
E            357951.19         7462098.5   -130 
E            356971.53         7462087   -135 
E            355938.31         7462110.5   -143 
E            354910.47         7462106   -178 
E            353921.56         7462128.5   -185 
E            352888.53         7462138   -213 
E            351793.94         7462105   -241 
E            350849.06         7462042   -262 
E            349826.22         7462151.5   -302 
E            349584.03         7461754   -302 
E            348546         7461863.5   -354 
E            347544.91         7461955.5   -365 
E            346498.72         7462006   -328 
E            345126.97         7462074   -512 
E            344504.5         7462046   -525 
E            343497.25         7462013.5   -581 
E            342002.63         7461874   -571 
E            340897.59         7461868   -559 
E            339921.91         7461844.5   -564 
E            338849.94         7461715   -576 
E            337808.03         7461726   -616 
E            336791.88         7461696   -661 
E            335843.38         7461729   -692 
E            334699.31         7461812.5   -653 
E            334737.28         7461812.5   -694 
E            333772.59         7461821.5   -712 
E            332860.66         7462083   -712 
E            332882.47         7460865.5   -646 
E            333403.91         7460875   -643 
E            334414.34         7460851   -630 
E            335361.72         7460807.5   -656 
E            336395.75         7460822.5   -634 
E            337318.88         7460797   -596 
E            338388.88         7460767   -554 
E            339387.59         7460771.5   -553 
E            340388.13         7460836   -544 
E            341418.34         7460853.5   -532 
E            342346.44         7460942   -556 
E            343397.69         7461000.5   -535 
E            344352.59         7460965   -507 
E            345370.44         7460955   -467 
E            345807.25         7461490   -393 
E            346510.34         7461118   -364 
E            347451.69         7461159.5   -370 
E            348524.84         7461075.5   -328 
E            349187.5         7460807.5   -291 
E            349999.25         7461212   -272 
E            350952.41         7461106   -247 
E            352199.78         7461173.5   -217 
E            353156.5         7461196.5   -186 
E            354267.47         7461235   -177 
E            355167.28         7461253   -142 
E            356295.44         7461230   -135 
E            357266.25         7461349.5   -130 
E            358448.44         7461252   -125 
E            359301.5         7461263.5   -120 
E            360552.47         7461237   -115 
E            361539.22         7461291.5   -107 
E            362261.53         7461225   -98 
E            362897.94         7461253   -87 
E            363152.88         7460885   -85 
E            362910.59         7460387   -85 
E            362039.53         7460398.5   -98 
E            361021.09         7460349.5   -109 
E            360014.84         7460338.5   -118 
E            359007.84         7460285.5   -123 
E            358057.59         7460249   -128 
E            357020.06         7460208.5   -132 
E            355936.78         7460184.5   -136 
E            354970.5         7460220.5   -142 
E            354037.59         7460216.5   -171 
E            353032.31         7460232.5   -175 
E            352091.5         7460149   -203 
E            350931.28         7460098.5   -231 
E            350067.53         7460027   -260 
E            349037.06         7460139.5   -291 
E            347915.16         7460169   -345 
E            347104.47         7460108   -358 
E            345972.97         7460091.5   -406 
E            345191         7459845.5   -419 
E            344143.19         7459819.5   -444 
E            342058.06         7459947.5   -480 
E            341073.47         7459925   -473 
E            340015.75         7459987   -510 
E            339045.22         7459953.5   -523 
E            338015.44         7459901.5   -550 
E            336975.19         7459876.5   -600 
E            335882.78         7459873   -626 
E            334891.28         7459902   -638 
E            333842.41         7459856   -594 
E            333359.94         7459871.5   -546 
E            333039.5         7458477.5   -476 
E            334019.88         7458426.5   -470 
E            334733.81         7458427   -586 
E            335860.72         7458403.5   -586 
E            336825.94         7458458   -566 
E            337876.59         7458458.5   -557 
E            338795.75         7458555   -500 
E            339804.22         7458699   -448 
E            340755.25         7458776.5   -403 
E            341802.66         7458731   -387 
E            342779.44         7458771   -372 
E            343880.94         7458646.5   -328 
E            345051.53         7458999.5   -301 
E            346145.47         7458763   -373 
E            347046.09         7459468.5   -360 
E            348426.34         7459430.5   -298 
E            350342.09         7459280.5   -230 
E            352072.84         7459576.5   -180 
E            354003.63         7459441   -156 
E            356527.91         7459319.5   -129 
E            357324.13         7459104.5   -125 
E            358318.38         7459057.5   -122 
E            359359.09         7459152   -117 
E            360470.78         7459128.5   -110 
E            361503.44         7459153.5   -99 
E            362390.22         7459205   -75 
E            363041.34         7458947   -72 
E            363301.91         7459723   -47 
E            364767.31         7461062   -24 
E            365255.38         7461109.5   -13 
E            365315.91         7460589   -12 
E            364770.88         7460107.5   -14 
E            364689.41         7460363.5   -23 
E            364222.44         7460244   -31 
E            364296.22         7459995.5   -30 
E            364338.56         7459731.5   -25 
E            363911.94         7459300.5   -28 
E            363863.72         7458766.5   -27 
E            362939.91         7458528   -73 
E            362533.16         7458346   -82 
E            362001.03         7458386.5   -90 
E            360496.91         7458301   -103 
E            359697.84         7457894   -109 
E            358329.44         7458218.5   -121 
E            357392.31         7458253   -125 
E            355566.66         7458709.5   -131 
E            354511         7458485.5   -136 
E            353597.75         7458209.5   -138 
E            352363.22         7458779   -176 
E            351091.06         7458990   -181 
E            349225.25         7458769   -248 
E            347571.22         7458947   -312 
E            346951.5         7458466   -264 
E            345688.41         7458119   -326 
E            344560.31         7457920   -256 
E            343490.28         7457737   -227 
E            342467.44         7457845.5   -284 
E            341507.84         7457745   -335 
E            340355.41         7457786   -431 
E            339364         7457916.5   -429 
E            338300.28         7457841.5   -515 
E            337325.69         7457829.5   -563 
E            336311         7457784   -548 
E            335242.19         7457712.5   -560 
E            334172.97         7457674.5   -395 
E            333266.72         7457665.5   -437 
E            332954.88         7456402.5   -447 
E            333600.47         7456402   -400 
E            334260.19         7456277.5   -372 
E            334861.38         7456285   -373 
E            335557.5         7456294   -418 
E            336259.19         7456368.5   -433 
E            336998.09         7456507.5   -431 
E            337873.59         7456548   -385 
E            338885.84         7456478   -366 
E            339905.09         7456566   -372 
E            340799.53         7456613.5   -361 
E            341748.56         7456751   -245 
E            342716.5         7456899   -180 
E            343887.75         7457195.5   -169 
E            344882.06         7456818.5   -141 
E            345666.13         7457102.5   -237 
E            346797.44         7457458   -193 
E            347746.03         7457743   -265 
E            348438.28         7458409   -262 
E            349287.72         7457755.5   -210 
E            350395.03         7458216   -196 
E            351872.81         7458062.5   -178 
E            354469.03         7457529.5   -132 
E            355614.19         7457674.5   -128 
E            356476.88         7457838.5   -126 
E            358579.94         7457473   -117 
E            360449.94         7457446.5   -99 
E            361915.09         7457724   -75 
E            362802.16         7457968   -44 
E            363401.28         7457718.5   -21 
E            363805.38         7457587   -4 
E            362554.38         7457290   -37 
E            361872.53         7457250.5   -70 
E            359694.44         7456885.5   -105 
E            356512.97         7456807   -124 
E            356497.81         7456372   -123 
E            355630.44         7456719   -126 
E            354392.78         7457013.5   -131 
E            353595.13         7457242.5   -134 
E            353582.53         7456694.5   -132 
E            352302.53         7457254.5   -140 
E            351340.78         7457337.5   -161 
E            350421.75         7457231   -188 
E            349257.13         7456690.5   -188 
E            348438.31         7457322.5   -208 
E            347512.78         7456689.5   -203 
E            346646.59         7456500   -163 
E            345777.72         7456109   -158 
E            345020.81         7455995.5   -103 
E            343901.44         7455808.5   -110 
E            342972.53         7455788   -139 
E            342323.88         7455834   -182 
E            341519.78         7455855.5   -260 
E            340778.31         7455828   -298 
E            340076.09         7455800   -251 
E            339251.03         7455776   -253 
E            338643.38         7455780   -266 
E            338004.66         7455731.5   -289 
E            337293.69         7455694.5   -309 
E            336601.78         7455649.5   -380 
E            335893.91         7455672.5   -361 
E            335167.13         7455578.5   -363 
E            334448.56         7455541   -370 
E            333869.03         7455519.5   -386 
E            333049.5         7455564   -442 
E            333174         7454551   -404 
E            334209.06         7454695.5   -365 
E            334955.72         7454603.5   -371 
E            335962.22         7454591   -270 
E            337084.19         7454664   -240 
E            337972.94         7454547   -196 
E            338881.84         7454872   -164 
E            339917.09         7454348   -154 
E            340439.06         7454311   -154 
E            341009.47         7454029.5   -146 
E            341615.13         7454412.5   -207 
E            342198.94         7454826.5   -175 
E            342771.47         7454686   -129 
E            343315.44         7455258.5   -125 
E            343632.69         7454868   -99 
E            344139.81         7455126   -97 
E            344882.72         7454813.5   -83 
E            345413.41         7454680.5   -83 
E            345711.59         7455054   -94 
E            346705.13         7455608.5   -123 
E            347469.22         7455759.5   -175 
E            348387.75         7456342   -168 
E            349283.59         7455726   -154 
E            350472.25         7456157.5   -156 
E            353163.13         7455647.5   -129 
E            354442.03         7456049   -127 
E            355671.88         7455229.5   -121 
E            356491.78         7455371.5   -120 
E            357800.84         7456116.5   -117 
E            358583.28         7456430   -113 
E            359660.53         7455888.5   -99 
E            360529.72         7456360   -95 
E            361372.34         7455855.5   -70 
E            361819.34         7456276.5   -58 
E            362838.47         7456486   -36 
E            363414.81         7456345.5   -8 
E            363051.72         7455568.5   -9 
E            362450.69         7455655   -33 
E            361477.19         7455335.5   -55 
E            361108.72         7455452.5   -69 
E            360531.34         7455354.5   -87 
E            359611.19         7454911.5   -93 
E            358586.38         7455515.5   -109 
E            357682.53         7455081.5   -113 
E            357593.28         7454488.5   -111 
E            356546.25         7454394   -117 
E            355682.47         7454756   -119 
E            354458.28         7455090.5   -126 
E            353598.22         7454703.5   -125 
E            350413.47         7455232   -136 
E            349405.34         7454731   -133 
E            348335.63         7455387   -134 
E            347425.47         7454736.5   -133 
E            346388.59         7454747.5   -92 
E            344953.09         7454423.5   -64 
E            344218.56         7454344   -54 
E            343857.41         7454594.5   -49 
E            343789.53         7454227   -43 
E            343401.81         7454043   -73 
E            342987.59         7454065   -108 
E            342116.47         7454083   -151 
E            339370.09         7454035.5   -145 
E            338326.09         7454008   -154 
E            337422.69         7453970.5   -195 
E            336308.88         7453959   -223 
E            335106.56         7453936   -327 
E            334129.56         7453916   -360 
E            333659.97         7453261.5   -421 
E            334583.97         7453161.5   -334 
E            335518.28         7453153   -266 
E            336437         7453068.5   -183 
E            337486.22         7453084.5   -143 
E            338481.34         7453071   -130 
E            339481.13         7453093   -115 
E            340430.91         7453061.5   -119 
E            341409.47         7453055   -113 
E            342376.63         7453053   -100 
E            343016.75         7453087.5   -72 
E            343511.16         7453243   -63 
E            343428.47         7453494   -47 
E            343599.09         7453841   -41 
E            343957.66         7454138.5   -24 
E            345913.47         7454027.5   -68 
E            346510.5         7453956.5   -70 
E            347324.47         7453740.5   -124 
E            348406.59         7454298   -128 
E            350392.97         7454168   -130 
E            352472.28         7454104   -124 
E            353549.56         7454210.5   -123 
E            354470.03         7454084.5   -124 
E            355676.03         7453684.5   -115 
E            356479.5         7453387.5   -112 
E            358635.72         7454542   -101 
E            361379.75         7454680.5   -53 
E            362227.13         7454637.5   -29 
E            362763.44         7455106.5   -13 
E            362642.59         7454508   -8 
E            362278.72         7453799   -6 
E            361926.91         7454005   -24 
E            361099.88         7454041   -49 
E            360604.81         7454376   -78 
E            359602.81         7453894   -85 
E            358624.41         7453559   -94 
E            357476.84         7453077.5   -101 
E            354432.31         7453198   -120 
E            353507.13         7453182.5   -120 
E            351957.72         7453290.5   -124 
E            351388.34         7453701.5   -126 
E            349478.78         7453646   -128 
E            348388.88         7453323   -122 
E            347518.44         7452739.5   -118 
E            346770.25         7452961   -60 
E            346327.69         7453460   -54 
E            345528.69         7453481.5   -29 
E            345935.75         7452986   -15 
E            346237.31         7452962   -31 
E            346311.47         7452681   -14 
E            347111.88         7452216   -71 
E            348350.56         7452376   -111 
E            349461.38         7452646.5   -123 
E            350378.59         7453231.5   -127 
E            351480.59         7452740   -121 
E            352517.84         7452586.5   -119 
E            354427.13         7452125   -114 
E            356522.09         7452451.5   -103 
E            357429.81         7452119   -92 
E            358652.94         7452526   -84 
E            359551.69         7452961   -74 
E            360785.63         7453527.5   -48 
E            361201.94         7453323   -32 
E            361647.75         7453197.5   -16 
E            361930.28         7453499.5   -9 
E            361920.47         7453149   -6 
E            361532.84         7452629.5   -15 
E            360566.97         7452956.5   -47 
E            360291.41         7452489.5   -47 
E            360083.66         7451853   -47 
E            359529.56         7451930.5   -59 
E            358337.59         7451672.5   -76 
E            357328         7451082   -80 
E            356493.38         7451443   -93 
E            355555.09         7451685   -99 
E            354398.94         7451179.5   -104 
E            353443.44         7451701.5   -110 
E            352472.44         7452033.5   -115 
E            351428.31         7452230   -118 
E            350363.5         7452248.5   -120 
E            349517         7451676.5   -112 
E            348363.84         7451348   -95 
E            347543.09         7451170.5   -92 
E            346517.81         7452032   -7 
E            346649.31         7451612   -6 
E            346836.88         7451161.5   -6 
E            346795.47         7450911   -41 
E            347215.97         7450785   -69 
E            347632.25         7450583.5   -85 
E            348341.53         7450873.5   -88 
E            349804.94         7450976.5   -105 
E            350360.09         7451240   -110 
E            351258.38         7451391.5   -111 
E            351848.91         7451336   -110 
E            352459.66         7451067   -105 
E            353394.06         7450727.5   -98 
E            353923.22         7450508.5   -96 
E            354397.16         7450681.5   -97 
E            355459.25         7450677.5   -88 
E            356542.13         7450414   -79 
E            357289.34         7450057.5   -65 
E            357852.84         7450801   -69 
E            358570.88         7450776   -56 
E            359313.06         7451176.5   -48 
E            360103.91         7451419.5   -25 
E            361268.75         7452156   -6 
E            361037.59         7451789   -7 
E            360731.56         7451437   -7 
E            360343.69         7451158   -12 
E            359868         7450699.5   -13 
E            360003.28         7450605.5   -7 
E            359432.66         7450148   -15 
E            358813.34         7450067.5   -24 
E            358185.66         7450160.5   -49 
E            357816.56         7449787.5   -49 
E            357463.72         7449434   -48 
E            356633.06         7449457.5   -63 
E            355415.34         7449670   -74 
E            354399.06         7449652.5   -84 
E            353893.41         7450024.5   -90 
E            353376.94         7449699.5   -84 
E            352404.06         7450085.5   -93 
E            351490.88         7450777   -102 
E            350798.72         7450644.5   -102 
E            349856.41         7450471.5   -99 
E            349407.81         7450189   -91 
E            348715.91         7450036.5   -91 
E            348257.34         7450388   -81 
E            347449.25         7450211.5   -67 
E            347021.78         7450177   -60 
E            346655.97         7449850.5   -36 
E            346590.41         7449394.5   -34 
E            347052.06         7449644.5   -57 
E            347719.75         7449919   -76 
E            348164.88         7449526.5   -66 
E            348816.91         7449624   -86 
E            349432.72         7449682.5   -84 
E            350349.03         7449696.5   -90 
E            350785.41         7450268.5   -96 
E            351456.81         7450225   -96 
E            351156.75         7449362.5   -73 
E            350306.09         7449253.5   -82 
E            349476.16         7449106.5   -77 
E            348765.06         7449079.5   -80 
E            348387.28         7448801.5   -63 
E            347728.16         7449200.5   -68 
E            347401.31         7449331   -57 
E            347046.19         7449171   -52 
E            346640.63         7448888   -38 
E            346687.91         7448418.5   -38 
E            346987.66         7448657.5   -47 
E            347477.06         7448806.5   -53 
E            348721.81         7448554.5   -73 
E            349275.81         7448486   -60 
E            349844.5         7448459.5   -71 
E            350682.13         7448706.5   -75 
E            351437.84         7449033   -80 
E            352031.47         7449363.5   -85 
E            352061.66         7448839   -78 
E            352841.41         7449056.5   -80 
E            353848.06         7449032.5   -76 
E            354419.94         7449164   -77 
E            355410.56         7448669   -59 
E            356745.53         7448715   -43 
E            357791.78         7448984   -26 
E            358169.41         7449167   -18 
E            359078.78         7449775.5   -11 
E            358601.06         7449060.5   -4 
E            358200.16         7448701.5   -6 
E            357874.19         7448648.5   -15 
E            357288.03         7448438.5   -24 
E            356368.09         7448298.5   -41 
E            355422.16         7448111   -48 
E            354478.78         7448138   -62 
E            353754.06         7448518.5   -71 
E            353360.22         7448641   -71 
E            352847.06         7448572.5   -73 
E            352024.34         7448347.5   -72 
E            351246.91         7448365   -63 
E            350684.5         7448179.5   -68 
E            349976.38         7447790.5   -55 
E            349213.5         7447860.5   -55 
E            348720.03         7448056.5   -67 
E            348034.94         7448187.5   -53 
E            347462.78         7448296   -49 
E            346958.91         7448082.5   -40 
E            347274.94         7447797   -41 
E            347180.19         7447347.5   -22 
E            347515.25         7447381.5   -38 
E            348068.41         7447382   -44 
E            348681.84         7447643.5   -61 
E            350663.94         7447663.5   -62 
E            351278         7447869.5   -58 
E            351975.84         7447841.5   -65 
E            352819.19         7448033.5   -66 
E            353344.78         7448118.5   -63 
E            353719.97         7447969.5   -63 
E            354454.03         7447656.5   -53 
E            354763.03         7447427.5   -42 
E            355511.91         7447689.5   -37 
E            355950.63         7447952.5   -39 
E            356770.66         7447972.5   -18 
E            357351.41         7448213   -17 
E            357571.5         7448228.5   -9 
E            356921.06         7447559   -7 
E            356586         7447418.5   -8 
E            356421.31         7447644.5   -14 
E            356166.44         7447466   -8 
E            355750.72         7447510   -19 
E            354187.78         7446934   -35 
E            353729.44         7447483   -56 
E            352807         7447559   -59 
E            351962.75         7447336   -58 
E            351493.97         7447263   -50 
E            351217.69         7447398.5   -52 
E            350219.75         7447327.5   -56 
E            349360.44         7447200.5   -54 
E            349033.97         7447406.5   -50 
E            348466.91         7447077.5   -51 
E            348039.94         7446894.5   -37 
E            347640         7446994.5   -34 
E            347259.38         7447069.5   -34 
E            347696.97         7446995   -37 
E            348014.69         7446888   -51 
E            348470.88         7447063.5   -50 
E            349041.31         7447428.5   -54 
E            349358.81         7447233   -56 
E            350243.97         7447315   -52 
E            351246.78         7447400   -50 
E            351525.84         7447243.5   -58 
E            351963.06         7447310.5   -59 
E            352821.09         7447546   -56 
E            353678.66         7447497   -35 
E            354187.66         7446944.5   -19 
E            355743.25         7447499.5   -8 
E            356127.22         7447463.5   -14 
E            356399.72         7447652   -8 
E            356550.94         7447386   -7 
E            356931.19         7447560.5   -9 
E            347798.63         7446528.5   -21 
E            348361.41         7446683   -33 
E            348683.19         7446662   -38 
E            348891.81         7447007   -44 
E            349498.63         7446642   -40 
E            349728.63         7446892.5   -43 
E            349949.88         7446700   -42 
E            350382.16         7446862.5   -51 
E            350672.22         7447064.5   -48 
E            351186.63         7447023.5   -48 
E            351580.53         7446896.5   -50 
E            352015.22         7446854   -50 
E            353223.81         7447096.5   -47 
E            353691.06         7446977.5   -45 
E            354839.09         7446768.5   -18 
E            355453.94         7446800   -8 
E            355804.94         7446987   -7 
E            356223.47         7447134   -3 
E            355576.84         7446681.5   -3 
E            355137.66         7446461   -3 
E            354921.94         7446504.5   -8 
E            353927.97         7446527   -23 
E            353425.19         7446656.5   -35 
E            352290.91         7446552.5   -39 
E            351512.97         7446395.5   -37 
E            351169.44         7446654   -43 
E            350710.56         7446491   -40 
E            350282.59         7446500.5   -39 
E            349883.38         7446322   -38 
E            349701.59         7446171   -34 
E            349053.97         7446238   -33 
E            348629.84         7446134.5   -28 
E            347967.84         7446132   -7 
E            348238.75         7445912.5   -16 
E            348783.97         7445944   -22 
E            349436.56         7445996.5   -27 
E            350191.25         7445976.5   -28 
E            350355.94         7446181   -34 
E            350857.16         7445970   -28 
E            351027.06         7446162   -32 
E            351501.09         7446004   -24 
E            352008.72         7446111   -27 
E            352524.72         7446043.5   -21 
E            353035.19         7446341.5   -26 
E            353381.06         7446207   -18 
E            353762.91         7446137.5   -9 
E            354391.16         7446213   -8 
E            354660.75         7446214.5   -3 
E            353716.28         7445793.5   -3 
E            353420.28         7445884   -7 
E            353162.81         7445925   -10 
E            353237.03         7445642   -2 
E            352756.19         7445733   -7 
E            352480.53         7445817   -10 
E            352752.13         7445539   -3 
E            352191.38         7445428   -3 
E            351889.72         7445678   -8 
E            351833.16         7445318.5   -3 
E            351607.69         7445440.5   -5 
E            351185.84         7445683   -10 
E            351120.06         7445245   -3 
E            350975.88         7445451   -5 
E            350516.78         7445633   -14 
E            350558.97         7445165   -5 
E            350339.88         7445389.5   -9 
E            349793.56         7445126   -4 
E            349439.06         7445133   -4 
E            348818.41         7445165.5   -3 
E            348535.16         7445247   -3 
E            348218.94         7445334   -2 
E            348167.75         7445598   -5 
E            348516.72         7445524   -6 
E            349040.19         7445574.5   -8 
E            333327.88         7452540   -525 
E            334198.59         7452232   -365 
E            335225.13         7452239   -222 
E            336268.03         7452254   -166 
E            337165.03         7452189.5   -140 
E            338309.19         7452204   -115 
E            339347.34         7452193   -93 
E            340327.34         7452173   -92 
E            341330.19         7452150   -80 
E            342070.84         7452137.5   -63 
E            343334.59         7452645   -27 
E            344015.06         7452911   -18 
E            343910.09         7452360   -25 
E            343561.41         7452192.5   -19 
E            342596.28         7451697   -36 
E            341865.81         7451701.5   -55 
E            341440.06         7451305.5   -53 
E            340918.88         7451057.5   -51 
E            340413.56         7450753   -60 
E            339474.75         7450822   -91 
E            338609.38         7450890.5   -104 
E            337592.13         7450955   -116 
E            336557.78         7450966   -124 
E            335479.59         7451047.5   -151 
E            334715.44         7451226.5   -184 
E            333659.31         7451369.5   -393 
E            333857.72         7450206.5   -197 
E            334954.69         7450143.5   -160 
E            335913.06         7450133.5   -127 
E            336982.63         7450142   -109 
E            337996.66         7450136.5   -101 
E            339038.56         7450125.5   -93 
E            339984.53         7450096.5   -78 
E            341158.88         7450561   -48 
E            343229.16         7451486   -16 
E            343796.47         7451468.5   -15 
E            333171.25         7449154.5   -372 
E            333615.69         7449143   -232 
E            334567.22         7449179   -157 
E            335695.59         7449135.5   -128 
E            336623.5         7449134.5   -97 
E            337673.97         7449152   -79 
E            338403.16         7449147   -85 
E            339117.53         7449111   -82 
E            339487.94         7449476.5   -82 
E            339826.56         7448663.5   -55 
E            338489.13         7448615   -53 
E            337481.5         7448505.5   -63 
E            338395.25         7447982   -48 
E            337856.28         7447523.5   -45 
E            337433.88         7447599.5   -56 
E            336648.47         7447647.5   -100 
E            336154.56         7447666.5   -115 
E            335061.44         7447725.5   -141 
E            334124.41         7447750   -182 
E            333018.97         7447778.5   -523 
E            333878.34         7446491   -161 
E            334982.97         7446424.5   -131 
E            336410.84         7446426   -88 
E            337011.91         7446444.5   -75 
E            337136.47         7447160   -82 
E            337856.94         7446925.5   -42 
E            337625.41         7446592   -36 
E            337777.88         7445892   -61 
E            337042.69         7445869   -85 
E            337562.03         7445406   -63 
E            336882.13         7445310   -87 
E            336144.13         7445417.5   -117 
E            335161.09         7445481   -146 
E            334205         7445402.5   -307 
E            333182.31         7445499.5   -501 
E            333127.31         7444466.5   -545 
E            334146.75         7444429.5   -365 
E            335153.88         7444472.5   -160 
E            336031.34         7444454.5   -127 
E            336769.81         7444415   -100 
E            337544.22         7444547.5   -72 
E            337477.5         7443109   -76 
E            336830.91         7443301.5   -112 
E            336326.63         7443341   -133 
E            335368.72         7443312.5   -257 
E            334317.53         7443357   -472 
E            333276.03         7443329   -604 
E            334267.91         7442404.5   -529 
E            335054.31         7442377   -430 
E            335797.22         7442391.5   -264 
E            336543.69         7442317   -134 
E            337261.31         7442326.5   -95 
E            337433.69         7442742   -76 
E            337904.00         7442303   -50
E            338898.00         7442270   -25
E            337629.00         7443306   -50
E            338339.00         7443306   -25
E            338619.00         7442788   -25     
E            366178.13         7463965.5    0 
E            366232.59         7463957    0 
E            366128.34         7463882    0 
E            366035.44         7463809.5    0 
E            365984.63         7463705.5    0 
E            366024.47         7463641.5    0 
E            366118.94         7463553.5    0 
E            366137.66         7463453.5    0 
E            366157.78         7463334    0 
E            366146.88         7463159.5    0 
E            366175         7463002    0 
E            366168.31         7462911    0 
E            366174.63         7462782.5    0 
E            366165.16         7462591.5    0 
E            366161.31         7462468.5    0 
E            366102.91         7462361.5    0 
E            366057.25         7462119    0 
E            366038.53         7461963.5    0 
E            366021.16         7461675    0 
E            365976.41         7461338.5    0 
E            365922.69         7461013.5    0 
E            365851.28         7460815.5    0 
E            365825.88         7460699    0 
E            365823.16         7460590    0 
E            365809.06         7460479.5    0 
E            365773.34         7460381.5    0 
E            365789.66         7460269    0 
E            365734.5         7460216    0 
E            365697.69         7460101.5    0 
E            365636.19         7460052.5    0 
E            365582.75         7459956    0 
E            365475.25         7459953    0 
E            365430.03         7459922    0 
E            365388.41         7459911.5    0 
E            365304.81         7459921    0 
E            365264.56         7459895.5    0 
E            365184.13         7459843.5    0 
E            365115.94         7459831.5    0 
E            365071.78         7459818.5    0 
E            365011.09         7459817    0 
E            364890.97         7459811    0 
E            364830.13         7459825    0 
E            364790         7459787.5    0 
E            364747.16         7459772    0 
E            364676.72         7459730.5    0 
E            364664.47         7459690.5    0 
E            364611.78         7459646.5    0 
E            364578.06         7459601.5    0 
E            364557.03         7459554    0 
E            364491.53         7459524    0 
E            364459.03         7459485.5    0 
E            364434.22         7459435.5    0 
E            364426.22         7459350.5    0 
E            364445.78         7459290.5    0 
E            364466.66         7459225    0 
E            364440.72         7459163.5    0 
E            364401.63         7459150.5    0 
E            364375.41         7459114.5    0 
E            364373.97         7459005    0 
E            364389.94         7458927    0 
E            364366.66         7458848.5    0 
E            364328.16         7458776.5    0 
E            364312.28         7458719    0 
E            364301.28         7458679    0 
E            364235.69         7458660.5    0 
E            364209.72         7458601.5    0 
E            364213.94         7458559    0 
E            364197.69         7458410.5    0 
E            364132.75         7458197    0 
E            364051.94         7457927    0 
E            363956.44         7457608.5    0 
E            363859.47         7457308    0 
E            363722.91         7456919.5    0 
E            363578.78         7456525    0 
E            363472.59         7456136    0 
E            363340.34         7455821    0 
E            363299.53         7455725.5    0 
E            363186.03         7455437.5    0 
E            363076.09         7455169    0 
E            362973.84         7455018.5    0 
E            362713.06         7454398.5    0 
E            362371.19         7453793.5    0 
E            362023.13         7453172    0 
E            361631.5         7452480    0 
E            361366.38         7452045    0 
E            361094.59         7451640.5    0 
E            360834.31         7451352    0 
E            360479.53         7450902    0 
E            360218.81         7450528.5    0 
E            359843.44         7450112.5    0 
E            359613.22         7449857    0 
E            359313.84         7449557.5    0 
E            359166.13         7449401.5    0 
E            359059.75         7449285.5    0 
E            358846.72         7449082    0 
E            358686.59         7448897.5    0 
E            358580.41         7448762    0 
E            358415.69         7448664    0 
E            358345.5         7448596.5    0 
E            358175.09         7448433    0 
E            358015.94         7448279.5    0 
E            357814         7448105    0 
E            357598.16         7447930.5    0 
E            357446.47         7447791.5    0 
E            357233.41         7447590    0 
E            357028.34         7447476    0 
E            356875.97         7447404.5    0 
E            356701.94         7447222.5    0 
E            356504.56         7447098.5    0 
E            356297.19         7446964    0 
E            356156.75         7446836    0 
E            355981.88         7446740    0 
E            355848.5         7446667.5    0 
E            355725.13         7446608    0 
E            355656.5         7446511.5    0 
E            355451.31         7446410    0 
E            355125.16         7446259.5    0 
E            354756.53         7446055    0 
E            354435.16         7445935    0 
E            354102.5         7445802.5    0 
E            353860.34         7445732    0 
E            353514.72         7445630    0 
E            353280.22         7445551.5    0 
E            352988.59         7445492    0 
E            352746.13         7445448.5    0 
E            352562.06         7445384.5    0 
E            352356.16         7445358    0 
E            352173.13         7445317    0 
E            351967.28         7445281.5    0 
E            351796.75         7445256    0 
E            351542.78         7445227.5    0 
E            351407.81         7445188.5    0 
E            351360.97         7445190.5    0 
E            351245.97         7445180    0 
E            351024.84         7445154    0 
E            350840.41         7445130    0 
E            350720.5         7445101    0 
E            350574.09         7445068.5    0 
E            350379.59         7445036.5    0 
E            350203.94         7445020    0 
E            350036.88         7445027    0 
E            349788.88         7445033    0 
E            349568.56         7445052.5    0 
E            349400.13         7445072    0 
E            349220.09         7445113.5    0 
E            349058.09         7445122.5    0 
E            348868.22         7445136    0 
E            348691.94         7445178.5    0 
E            348567.75         7445201    0 
E            348374.03         7445219    0 
E            348269.13         7445210.5    0 
E            348161.56         7445215.5    0 
E            348066.22         7445259.5    0 
E            348037.53         7445346.5    0 
E            348017.78         7445427.5    0 
E            348002.09         7445477.5    0 
E            348013.19         7445634    0 
E            348011.81         7445772.5    0 
E            347991.66         7445893    0 
E            347964.19         7445985    0 
E            347898.69         7446083.5    0 
E            347807.09         7446137    0 
E            347781.19         7446198.5    0 
E            347710.97         7446263.5    0 
E            347624.06         7446351.5    0 
E            347565.22         7446416.5    0 
E            347474.34         7446523.5    0 
E            347409.38         7446569.5    0 
E            347347.09         7446600    0 
E            347341.38         7446668    0 
E            347268.44         7446751    0 
E            347159.91         7446853    0 
E            347095.41         7446978.5    0 
E            346996.47         7447133    0 
E            346892.34         7447303    0 
E            346834.97         7447346.5    0 
E            346825.59         7447400    0 
E            346764.94         7447520.5    0 
E            346669.25         7447603    0 
E            346590.03         7447683.5    0 
E            346545.59         7447827    0 
E            346476.53         7447903.5    0 
E            346391.53         7448056    0 
E            346365.19         7448161    0 
E            346392.41         7448222.5    0 
E            346381.53         7448298    0 
E            346351.38         7448407    0 
E            346327.66         7448503    0 
E            346314.78         7448652    0 
E            346367.34         7448711    0 
E            346350.09         7448793    0 
E            346339.25         7448865    0 
E            346337.03         7448962.5    0 
E            346342.47         7449052    0 
E            346316.44         7449126.5    0 
E            346328.59         7449302.5    0 
E            346300.72         7449434    0 
E            346299.63         7449547    0 
E            346336.72         7449630.5    0 
E            346388.94         7449723.5    0 
E            346444.81         7449831.5    0 
E            346469.81         7449988    0 
E            346506.66         7450101    0 
E            346521.72         7450241    0 
E            346514.94         7450287    0 
E            346528.06         7450367    0 
E            346502.97         7450472    0 
E            346511.25         7450532    0 
E            346505.72         7450578.5    0 
E            346531.78         7450630    0 
E            346533.47         7450715.5    0 
E            346546.31         7450823.5    0 
E            346537.59         7450937.5    0 
E            346578.78         7450993    0 
E            346630.03         7451056    0 
E            346676.25         7451114    0 
E            346712.31         7451178.5    0 
E            346687.59         7451245    0 
E            346653.91         7451327    0 
E            346580.28         7451353.5    0 
E            346545.88         7451379    0 
E            346464.56         7451414.5    0 
E            346431.44         7451438.5    0 
E            346383.66         7451536    0 
E            346368.06         7451578    0 
E            346357.38         7451637    0 
E            346345         7451734.5    0 
E            346322.78         7451806    0 
E            346295.56         7451874    0 
E            346260.84         7451930.5    0 
E            346254.03         7451979    0 
E            346249.56         7452048.5    0 
E            346261.56         7452115    0 
E            346304.5         7452247.5    0 
E            346272.94         7452370.5    0 
E            346207.84         7452430.5    0 
E            346183.16         7452494.5    0 
E            346156         7452553    0 
E            346107.69         7452578.5    0 
E            346024.88         7452638.5    0 
E            345962.28         7452701    0 
E            345886.94         7452772.5    0 
E            345820.44         7452845    0 
E            345824.72         7452922    0 
E            345816.41         7452997.5    0 
E            345790.44         7453064    0 
E            345753.22         7453116.5    0 
E            345703.63         7453143.5    0 
E            345670.31         7453186.5    0 
E            345610.59         7453212    0 
E            345565.31         7453187.5    0 
E            345480.63         7453180.5    0 
E            345436.5         7453166    0 
E            345409.03         7453127.5    0 
E            345360.75         7453149    0 
E            345298.81         7453146    0 
E            345241.69         7453164    0 
E            345203.28         7453212.5    0 
E            345143.81         7453212    0 
E            345101         7453194    0 
E            345049.25         7453182    0 
E            344987.13         7453194.5    0 
E            344901.88         7453246.5    0 
E            344831.72         7453302.5    0 
E            344743.47         7453272.5    0 
E            344670.59         7453222    0 
E            344646.97         7453182.5    0 
E            344617.16         7453127    0 
E            344592.38         7453074.5    0 
E            344577.66         7453026.5    0 
E            344562.91         7452983    0 
E            344577.31         7452934.5    0 
E            344566.41         7452885.5    0 
E            344587.06         7452844.5    0 
E            344627.94         7452805    0 
E            344578.03         7452735.5    0 
E            344540.41         7452700.5    0 
E            344504.47         7452625    0 
E            344527.69         7452581.5    0 
E            344534.5         7452532.5    0 
E            344542.66         7452473.5    0 
E            344517.78         7452432.5    0 
E            344444.91         7452379.5    0 
E            344460.56         7452333.5    0 
E            344461.22         7452268    0 
E            344446.94         7452175.5    0 
E            344460.16         7452118    0 
E            344453.06         7452069    0 
E            344480.25         7452005    0 
E            344452         7451920.5    0 
E            344425.91         7451871.5    0 
E            344393.56         7451816    0 
E            344369.94         7451776    0 
E            344336.19         7451733.5    0 
E            344298.5         7451709    0 
E            344264.72         7451670.5    0 
E            344283.19         7451593.5    0 
E            344297.5         7451552.5    0 
E            344262.84         7451476.5    0 
E            344236.81         7451421.5    0 
E            344203.34         7451352    0 
E            344150.91         7451282.5    0 
E            344119.84         7451224.5    0 
E            344073.91         7451138    0 
E            343996.34         7451049.5    0 
E            343936.16         7450997.5    0 
E            343860.78         7450944.5    0 
E            343817.84         7450938    0 
E            343741.09         7450895    0 
E            343712.5         7450842.5    0 
E            343651.81         7450839.5    0 
E            343551.91         7450836.5    0 
E            343483.63         7450833.5    0 
E            343435.63         7450827    0 
E            343377.5         7450821.5    0 
E            343326.94         7450816    0 
E            343285.5         7450787.5    0 
E            343240.16         7450766.5    0 
E            343185.75         7450766.5    0 
E            343132.63         7450767.5    0 
E            343080.66         7450776    0 
E            342985.66         7450789.5    0 
E            342944.03         7450778    0 
E            342906.22         7450763.5    0 
E            342840.56         7450750.5    0 
E            342795.19         7450733.5    0 
E            342730.91         7450710    0 
E            342673.03         7450680    0 
E            342625.16         7450660.5    0 
E            342579.78         7450642.5    0 
E            342523.28         7450598.5    0 
E            342485.56         7450575.5    0 
E            342442.75         7450556    0 
E            342405.13         7450523.5    0 
E            342367.34         7450505.5    0 
E            342326.63         7450531    0 
E            342245.53         7450543    0 
E            342177.13         7450555.5    0 
E            342125.63         7450517    0 
E            342071.31         7450510    0 
E            342001.75         7450507    0 
E            341964.06         7450481.5    0 
E            341946.75         7450441.5    0 
E            341901.75         7450386    0 
E            341870.53         7450345    0 
E            341840.47         7450316.5    0 
E            341807.84         7450288    0 
E            341754.72         7450286.5    0 
E            341696.88         7450254    0 
E            341715.03         7450206.5    0 
E            341707.88         7450165.5    0 
E            341662.44         7450154    0 
E            341607.19         7450112.5    0 
E            341577.16         7450080    0 
E            341496.41         7450058    0 
E            341456         7450049    0 
E            341437.66         7449987    0 
E            341416.66         7449935.5    0 
E            341408.22         7449893.5    0 
E            341444.38         7449819    0 
E            341389.5         7449739    0 
E            341345.66         7449696.5    0 
E            341309.97         7449723.5    0 
E            341255.94         7449686    0 
E            341224.56         7449660    0 
E            341232.81         7449594.5    0 
E            341250.97         7449548.5    0 
E            341281.97         7449486    0 
E            341339.09         7449463    0 
E            341333.41         7449400.5    0 
E            341305.91         7449367    0 
E            341269.44         7449346    0 
E            341222.75         7449331.5    0 
E            341150.78         7449319.5    0 
E            341110.69         7449279.5    0 
E            341067.72         7449275.5    0 
E            341018.41         7449273    0 
E            340967.94         7449259.5    0 
E            340943.03         7449220    0 
E            340929.53         7449177.5    0 
E            340899.69         7449127    0 
E            340840.44         7449105    0 
E            340798.5         7449124    0 
E            340738.97         7449134    0 
E            340686.97         7449146.5    0 
E            340689.13         7449055.5    0 
E            340660.53         7449005.5    0 
E            340626.84         7448959    0 
E            340590.63         7448910    0 
E            340615.13         7448865    0 
E            340672.34         7448833.5    0 
E            340723.31         7448798    0 
E            340713.63         7448753    0 
E            340760.75         7448721    0 
E            340818         7448688    0 
E            340769.28         7448626    0 
E            340696.06         7448611.5    0 
E            340664.75         7448580.5    0 
E            340628.56         7448528    0 
E            340577.84         7448542    0 
E            340521.47         7448486.5    0 
E            340547.06         7448454.5    0 
E            340596.81         7448413.5    0 
E            340639.03         7448366.5    0 
E            340647.06         7448323    0 
E            340590.94         7448239    0 
E            340553.41         7448199    0 
E            340543.66         7448159.5    0 
E            340529         7448108    0 
E            340544.75         7448050.5    0 
E            340575.78         7447981    0 
E            340558.47         7447942.5    0 
E            340546.25         7447900    0 
E            340563.06         7447862    0 
E            340563.47         7447821    0 
E            340543.75         7447767    0 
E            340490.78         7447751    0 
E            340426.25         7447753.5    0 
E            340386.03         7447727.5    0 
E            340341.63         7447740    0 
E            340297.31         7447745    0 
E            340240.06         7447775.5    0 
E            340194.63         7447767.5    0 
E            340157.41         7447693    0 
E            340110.84         7447668    0 
E            340086.06         7447615.5    0 
E            340054.94         7447565    0 
E            340012.44         7447513.5    0 
E            339995.16         7447471.5    0 
E            339980.44         7447422.5    0 
E            339949.44         7447359.5    0 
E            339892.81         7447328.5    0 
E            339842.59         7447292    0 
E            339853.31         7447229.5    0 
E            339845.06         7447170.5    0 
E            339837.97         7447119    0 
E            339793.22         7447039    0 
E            339746.97         7446985    0 
E            339727.13         7446945    0 
E            339671.31         7446957.5    0 
E            339594.13         7446961    0 
E            339533.22         7446980    0 
E            339456.13         7446973    0 
E            339419.94         7446923    0 
E            339370.78         7446906    0 
E            339331.66         7446895.5    0 
E            339288.47         7446912    0 
E            339257.34         7446863    0 
E            339218.5         7446824.5    0 
E            339184.69         7446789.5    0 
E            339139.34         7446770    0 
E            339071.44         7446730    0 
E            339034.06         7446673    0 
E            339002.78         7446638.5    0 
E            338958.69         7446619    0 
E            338910.34         7446647    0 
E            338863.41         7446659.5    0 
E            338808.69         7446693.5    0 
E            338757.94         7446706.5    0 
E            338714.91         7446711    0 
E            338661.59         7446727.5    0 
E            338612.19         7446735    0 
E            338562.78         7446743.5    0 
E            338502.16         7446734.5    0 
E            338475.22         7446771.5    0 
E            338436.44         7446727.5    0 
E            338399.25         7446650.5    0 
E            338411.06         7446605.5    0 
E            338440.66         7446555.5    0 
E            338405.78         7446500.5    0 
E            338385         7446428.5    0 
E            338408.56         7446347.5    0 
E            338436.88         7446299    0 
E            338436.03         7446257    0 
E            338434         7446207    0 
E            338475.66         7446214.5    0 
E            338509.41         7446254.5    0 
E            338562.59         7446251    0 
E            338624.38         7446270.5    0 
E            338694.94         7446299.5    0 
E            338751.5         7446337    0 
E            338803.28         7446345    0 
E            338841.41         7446327    0 
E            338884.69         7446300.5    0 
E            338918.16         7446241.5    0 
E            338908.47         7446196.5    0 
E            338894.16         7446109.5    0 
E            338915.16         7446033.5    0 
E            338951.22         7445967    0 
E            338891.16         7445900    0 
E            338906.72         7445862    0 
E            338898.53         7445796.5    0 
E            338890.47         7445714    0 
E            338926.47         7445655.5    0 
E            338955.94         7445618.5    0 
E            338970.63         7445539    0 
E            339016.31         7445526.5    0 
E            339063.28         7445508.5    0 
E            339065.25         7445436.5    0 
E            339011.34         7445389    0 
E            339004.28         7445334    0 
E            338957.63         7445320.5    0 
E            338913.31         7445324.5    0 
E            338890.94         7445284.5    0 
E            338821.28         7445291.5    0 
E            338765.53         7445300.5    0 
E            338712.44         7445296.5    0 
E            338672.13         7445282    0 
E            338628.03         7445263.5    0 
E            338608.22         7445220    0 
E            338589.66         7445177.5    0 
E            338584.31         7445079    0 
E            338554.72         7445001.5    0 
E            338534.94         7444955.5    0 
E            338483.34         7444925.5    0 
E            338511.59         7444886    0 
E            338503.22         7444834.5    0 
E            338504.97         7444787    0 
E            338463.19         7444789.5    0 
E            338421.47         7444789    0 
E            338375.16         7444737.5    0 
E            338359.38         7444669.5    0 
E            338361.09         7444626    0 
E            338328.69         7444577    0 
E            338292.41         7444536    0 
E            338301.72         7444488.5    0 
E            338271.66         7444458.5    0 
E            338242.91         7444425    0 
E            338217.97         7444388    0 
E            338200.75         7444339    0 
E            338205.03         7444290.5    0 
E            338229.66         7444230    0 
E            338262.84         7444199.5    0 
E            338315.28         7444141    0 
E            338377.44         7444124.5    0 
E            338450.69         7444137.5    0 
E            338488.84         7444116    0 
E            338501.03         7444033    0 
E            338514.19         7443983    0 
E            338512.13         7443936.5    0 
E            338527.69         7443898.5    0 
E            338578.69         7443857.5    0 
E            338542.31         7443826.5    0 
E            338506.16         7443772.5    0 
E            338514.41         7443706    0 
E            338507.56         7443630    0 
E            338468.88         7443577.5    0 
E            338464.25         7443531    0 
E            338480         7443474.5    0 
E            338515.97         7443419.5    0 
E            338579.59         7443380.5    0 
E            338645.63         7443356.5    0 
E            338637.22         7443310    0 
E            338681.91         7443270.5    0 
E            338723.91         7443244    0 
E            338755.94         7443203    0 
E            338785.66         7443140.5    0 
E            338817.53         7443115    0 
E            338881.94         7443124    0 
E            338953.75         7443154    0 
E            339039.75         7443158.5    0 
E            339106.63         7443174    0 
E            339145         7443129.5    0 
E            339173.19         7443096.5    0 
E            339216.34         7443081    0 
E            339262.34         7443035    0 
E            339254.22         7442961    0 
E            339244.66         7442903    0 
E            339246.5         7442845.5    0 
E            339238.22         7442787.5    0 
E            339246.28         7442739    0 
E            339286.34         7442654.5    0 
E            339344.56         7442652    0 
E            339386.5         7442630.5    0 
E            339426.09         7442592.5    0 
E            339473.38         7442544    0 
E            339526.97         7442496.5    0 
E            339540.06         7442452    0 
E            339573.34         7442412    0 
E            339727.78         7442147.5    0 
E            339767.59         7442086    0 
E            339804.81         7442032.5    0 
E            339824.28         7441982.5    0 
E            339860         7441952    0 
E            339901.09         7441890.5    0 
E            339955.59         7441751    0 
E            339990.59         7441666.5    0 
E            340029.06         7441615.5    0 
E            340039.72         7441562    0 
E            340011.28         7441493.5    0 
E            340005.94         7441395    0 
E            339976.81         7441270    0 
E            339940.38         7441116    0