E N Z
338309.19 7452204.0 -115
340413.56 7450753.0 -60
339474.75 7450822.0 -91
338609.38 7450890.5 -104
337592.13 7450955.0 -116
336982.63 7450142.0 -109
337996.66 7450136.5 -101
339038.56 7450125.5 -93
339984.53 7450096.5 -78
335695.59 7449135.5 -128
336623.5 7449134.5 -97
337673.97 7449152.0 -79
338403.16 7449147.0 -85
339117.53 7449111.0 -82
339487.94 7449476.5 -82
339826.56 7448663.5 -55
338489.13 7448615.0 -53
337481.5 7448505.5 -63
338395.25 7447982.0 -48
337856.28 7447523.5 -45
337433.88 7447599.5 -56
336648.47 7447647.5 -100
336154.56 7447666.5 -115
335061.44 7447725.5 -141
334124.41 7447750.0 -182
334982.97 7446424.5 -131
336410.84 7446426.0 -88
337011.91 7446444.5 -75
337136.47 7447160.0 -82
337856.94 7446925.5 -42
337625.41 7446592.0 -36
337777.88 7445892.0 -61
337042.69 7445869.0 -85
337562.03 7445406.0 -63
336882.13 7445310.0 -87
336144.13 7445417.5 -117
337544.22 7444547.5 -72
338339.0 7443306.0 -25
338619.0 7442788.0 -25
341389.5 7449739.0 0
341345.66 7449696.5 0
341309.97 7449723.5 0
341255.94 7449686.0 0
341224.56 7449660.0 0
341232.81 7449594.5 0
341250.97 7449548.5 0
341281.97 7449486.0 0
341339.09 7449463.0 0
341333.41 7449400.5 0
341305.91 7449367.0 0
341269.44 7449346.0 0
341222.75 7449331.5 0
341150.78 7449319.5 0
341110.69 7449279.5 0
341067.72 7449275.5 0
341018.41 7449273.0 0
340967.94 7449259.5 0
340943.03 7449220.0 0
340929.53 7449177.5 0
340899.69 7449127.0 0
340840.44 7449105.0 0
340798.5 7449124.0 0
340738.97 7449134.0 0
340686.97 7449146.5 0
340689.13 7449055.5 0
340660.53 7449005.5 0
340626.84 7448959.0 0
340590.63 7448910.0 0
340615.13 7448865.0 0
340672.34 7448833.5 0
340723.31 7448798.0 0
340713.63 7448753.0 0
340760.75 7448721.0 0
340818.0 7448688.0 0
340769.28 7448626.0 0
340696.06 7448611.5 0
340664.75 7448580.5 0
340628.56 7448528.0 0
340577.84 7448542.0 0
340521.47 7448486.5 0
340547.06 7448454.5 0
340596.81 7448413.5 0
340639.03 7448366.5 0
340647.06 7448323.0 0
340590.94 7448239.0 0
340553.41 7448199.0 0
340543.66 7448159.5 0
340529.0 7448108.0 0
340544.75 7448050.5 0
340575.78 7447981.0 0
340558.47 7447942.5 0
340546.25 7447900.0 0
340563.06 7447862.0 0
340563.47 7447821.0 0
340543.75 7447767.0 0
340490.78 7447751.0 0
340426.25 7447753.5 0
340386.03 7447727.5 0
340341.63 7447740.0 0
340297.31 7447745.0 0
340240.06 7447775.5 0
340194.63 7447767.5 0
340157.41 7447693.0 0
340110.84 7447668.0 0
340086.06 7447615.5 0
340054.94 7447565.0 0
340012.44 7447513.5 0
339995.16 7447471.5 0
339980.44 7447422.5 0
339949.44 7447359.5 0
339892.81 7447328.5 0
339842.59 7447292.0 0
339853.31 7447229.5 0
339845.06 7447170.5 0
339837.97 7447119.0 0
339793.22 7447039.0 0
339746.97 7446985.0 0
339727.13 7446945.0 0
339671.31 7446957.5 0
339594.13 7446961.0 0
339533.22 7446980.0 0
339456.13 7446973.0 0
339419.94 7446923.0 0
339370.78 7446906.0 0
339331.66 7446895.5 0
339288.47 7446912.0 0
339257.34 7446863.0 0
339218.5 7446824.5 0
339184.69 7446789.5 0
339139.34 7446770.0 0
339071.44 7446730.0 0
339034.06 7446673.0 0
339002.78 7446638.5 0
338958.69 7446619.0 0
338910.34 7446647.0 0
338863.41 7446659.5 0
338808.69 7446693.5 0
338757.94 7446706.5 0
338714.91 7446711.0 0
338661.59 7446727.5 0
338612.19 7446735.0 0
338562.78 7446743.5 0
338502.16 7446734.5 0
338475.22 7446771.5 0
338436.44 7446727.5 0
338399.25 7446650.5 0
338411.06 7446605.5 0
338440.66 7446555.5 0
338405.78 7446500.5 0
338385.0 7446428.5 0
338408.56 7446347.5 0
338436.88 7446299.0 0
338436.03 7446257.0 0
338434.0 7446207.0 0
338475.66 7446214.5 0
338509.41 7446254.5 0
338562.59 7446251.0 0
338624.38 7446270.5 0
338694.94 7446299.5 0
338751.5 7446337.0 0
338803.28 7446345.0 0
338841.41 7446327.0 0
338884.69 7446300.5 0
338918.16 7446241.5 0
338908.47 7446196.5 0
338894.16 7446109.5 0
338915.16 7446033.5 0
338951.22 7445967.0 0
338891.16 7445900.0 0
338906.72 7445862.0 0
338898.53 7445796.5 0
338890.47 7445714.0 0
338926.47 7445655.5 0
338955.94 7445618.5 0
338970.63 7445539.0 0
339016.31 7445526.5 0
339063.28 7445508.5 0
339065.25 7445436.5 0
339011.34 7445389.0 0
339004.28 7445334.0 0
338957.63 7445320.5 0
338913.31 7445324.5 0
338890.94 7445284.5 0
338821.28 7445291.5 0
338765.53 7445300.5 0
338712.44 7445296.5 0
338672.13 7445282.0 0
338628.03 7445263.5 0
338608.22 7445220.0 0
338589.66 7445177.5 0
338584.31 7445079.0 0
338554.72 7445001.5 0
338534.94 7444955.5 0
338483.34 7444925.5 0
338511.59 7444886.0 0
338503.22 7444834.5 0
338504.97 7444787.0 0
338463.19 7444789.5 0
338421.47 7444789.0 0
338375.16 7444737.5 0
338359.38 7444669.5 0
338361.09 7444626.0 0
338328.69 7444577.0 0
338292.41 7444536.0 0
338301.72 7444488.5 0
338271.66 7444458.5 0
338242.91 7444425.0 0
338217.97 7444388.0 0
338200.75 7444339.0 0
338205.03 7444290.5 0
338229.66 7444230.0 0
338262.84 7444199.5 0
338315.28 7444141.0 0
338377.44 7444124.5 0
338450.69 7444137.5 0
338488.84 7444116.0 0
338501.03 7444033.0 0
338514.19 7443983.0 0
338512.13 7443936.5 0
338527.69 7443898.5 0
338578.69 7443857.5 0
338542.31 7443826.5 0
338506.16 7443772.5 0
338514.41 7443706.0 0
338507.56 7443630.0 0
338468.88 7443577.5 0
338464.25 7443531.0 0
338480.0 7443474.5 0
338515.97 7443419.5 0
338579.59 7443380.5 0
338645.63 7443356.5 0
338637.22 7443310.0 0
338681.91 7443270.5 0
338723.91 7443244.0 0
338755.94 7443203.0 0
338785.66 7443140.5 0
338817.53 7443115.0 0
338881.94 7443124.0 0
338953.75 7443154.0 0
339039.75 7443158.5 0
339106.63 7443174.0 0
